0 0.0888671875 0.638671875 0.1748046875 0.498046875
0 0.263671875 0.529296875 0.2060546875 0.2177734375
0 0.4140625 0.4443359375 0.0712890625 0.0947265625
0 0.451171875 0.4384765625 0.0244140625 0.0673828125
0 0.4677734375 0.419921875 0.033203125 0.0478515625
0 0.8369140625 0.7373046875 0.326171875 0.5244140625
0 0.685546875 0.525390625 0.146484375 0.1884765625
0 0.5927734375 0.44921875 0.0556640625 0.0830078125
1 0.21484375 0.5263671875 0.0458984375 0.0205078125
1 0.7119140625 0.529296875 0.041015625 0.0166015625
2 0.5947265625 0.4697265625 0.0185546875 0.009765625