0 0.099609375 0.794921875 0.1875 0.1962890625
0 0.365234375 0.8701171875 0.2333984375 0.20703125
0 0.7890625 0.8525390625 0.2607421875 0.1884765625
0 0.2080078125 0.6435546875 0.14453125 0.095703125
0 0.2939453125 0.5791015625 0.0908203125 0.0537109375
0 0.3232421875 0.541015625 0.07421875 0.037109375
0 0.369140625 0.505859375 0.064453125 0.0322265625
0 0.4052734375 0.72265625 0.15625 0.111328125
0 0.6787109375 0.70703125 0.166015625 0.1025390625
0 0.4150390625 0.634765625 0.1298828125 0.068359375
0 0.4306640625 0.578125 0.09765625 0.05859375
0 0.654296875 0.6162109375 0.138671875 0.0908203125
0 0.462890625 0.548828125 0.06640625 0.03515625
0 0.46875 0.525390625 0.0634765625 0.0244140625
1 0.3486328125 0.958984375 0.04296875 0.01171875
1 0.818359375 0.927734375 0.0458984375 0.0166015625
2 0.6884765625 0.7451171875 0.037109375 0.009765625
3 0.546875 0.7236328125 0.0625 0.0869140625
3 0.521484375 0.611328125 0.0380859375 0.0556640625
3 0.5224609375 0.5654296875 0.0283203125 0.041015625
3 0.51953125 0.533203125 0.0234375 0.0341796875
5 0.6025390625 0.548828125 0.1240234375 0.1005859375
5 0.544921875 0.4755859375 0.0693359375 0.0517578125