0 0.3056640625 0.736328125 0.1416015625 0.1787109375
0 0.0693359375 0.365234375 0.072265625 0.12890625
0 0.03125 0.3876953125 0.0595703125 0.123046875
0 0.1591796875 0.3115234375 0.064453125 0.111328125
0 0.2255859375 0.306640625 0.056640625 0.0751953125
0 0.779296875 0.4384765625 0.1083984375 0.166015625
0 0.6240234375 0.4892578125 0.11328125 0.158203125
0 0.6025390625 0.392578125 0.0751953125 0.123046875
0 0.587890625 0.357421875 0.0654296875 0.0927734375
0 0.3681640625 0.6044921875 0.1484375 0.228515625
0 0.3896484375 0.4482421875 0.1025390625 0.146484375
0 0.40625 0.392578125 0.0908203125 0.1220703125
1 0.703125 0.91796875 0.0517578125 0.0263671875
1 0.3037109375 0.798828125 0.044921875 0.0283203125
1 0.3642578125 0.650390625 0.0380859375 0.0224609375
2 0.7841796875 0.4775390625 0.03125 0.0146484375
6 0.4345703125 0.30859375 0.0712890625 0.19921875
6 0.564453125 0.314453125 0.064453125 0.1416015625
6 0.703125 0.755859375 0.1982421875 0.4853515625