0 0.267578125 0.8857421875 0.2021484375 0.228515625
0 0.681640625 0.8974609375 0.2099609375 0.203125
0 0.3310546875 0.6611328125 0.126953125 0.171875
0 0.3828125 0.556640625 0.1396484375 0.21875
0 0.03515625 0.3955078125 0.0703125 0.14453125
0 0.12890625 0.3291015625 0.0771484375 0.130859375
0 0.20703125 0.310546875 0.060546875 0.0859375
0 0.7568359375 0.4091796875 0.099609375 0.1357421875
0 0.6103515625 0.45703125 0.08984375 0.1513671875
0 0.58984375 0.376953125 0.076171875 0.1123046875
0 0.3955078125 0.42578125 0.091796875 0.1328125
0 0.408203125 0.3779296875 0.0859375 0.119140625
0 0.43359375 0.3544921875 0.0654296875 0.1083984375
1 0.265625 0.9873046875 0.05078125 0.025390625
1 0.3271484375 0.7109375 0.041015625 0.0205078125
1 0.38671875 0.6005859375 0.01953125 0.0166015625
1 0.6953125 0.7744140625 0.0419921875 0.0205078125
6 0.6943359375 0.640625 0.16796875 0.43359375
6 0.4443359375 0.296875 0.0732421875 0.1845703125
6 0.5634765625 0.3154296875 0.0634765625 0.126953125