0 0.1708984375 0.6875 0.1796875 0.123046875
0 0.275390625 0.603515625 0.10546875 0.060546875
0 0.3046875 0.564453125 0.0732421875 0.0390625
0 0.345703125 0.5341796875 0.0732421875 0.037109375
0 0.658203125 0.625 0.1318359375 0.0908203125
0 0.6787109375 0.7158203125 0.1416015625 0.1015625
0 0.8203125 0.896484375 0.2900390625 0.205078125
0 0.4677734375 0.5634765625 0.0673828125 0.037109375
0 0.4296875 0.587890625 0.0830078125 0.0537109375
0 0.4140625 0.646484375 0.1171875 0.06640625
0 0.41015625 0.728515625 0.16015625 0.10546875
0 0.3701171875 0.8798828125 0.2529296875 0.2138671875
2 0.6923828125 0.751953125 0.0283203125 0.0087890625
2 0.1435546875 0.736328125 0.021484375 0.005859375
1 0.3486328125 0.9697265625 0.056640625 0.0107421875
5 0.603515625 0.5576171875 0.12890625 0.10546875