0 0.357421875 0.8974609375 0.265625 0.205078125
0 0.8212890625 0.8994140625 0.294921875 0.201171875
0 0.693359375 0.7373046875 0.166015625 0.1171875
0 0.654296875 0.6298828125 0.130859375 0.0986328125
0 0.404296875 0.7490234375 0.15625 0.1142578125
0 0.4169921875 0.6494140625 0.126953125 0.0751953125
0 0.4228515625 0.5849609375 0.087890625 0.05078125
0 0.4677734375 0.5634765625 0.0673828125 0.0400390625
0 0.1474609375 0.7099609375 0.185546875 0.130859375
0 0.2548828125 0.623046875 0.1162109375 0.064453125
0 0.2880859375 0.5791015625 0.1064453125 0.0458984375
0 0.341796875 0.5341796875 0.0693359375 0.037109375
2 0.7060546875 0.78125 0.03515625 0.0107421875
2 0.1142578125 0.7626953125 0.0302734375 0.0087890625
5 0.611328125 0.5595703125 0.126953125 0.1083984375