0 0.35546875 0.7265625 0.181640625 0.24609375
0 0.6953125 0.8779296875 0.220703125 0.244140625
0 0.66015625 0.7333984375 0.1669921875 0.2294921875
0 0.6005859375 0.5810546875 0.1435546875 0.189453125
0 0.6357421875 0.505859375 0.1142578125 0.1572265625
0 0.615234375 0.4228515625 0.1142578125 0.1220703125
0 0.5791015625 0.412109375 0.0791015625 0.1298828125
0 0.3720703125 0.5439453125 0.12890625 0.177734375
0 0.4052734375 0.4931640625 0.103515625 0.169921875
0 0.4208984375 0.3359375 0.078125 0.1171875
0 0.67578125 0.32421875 0.03515625 0.08203125
0 0.0263671875 0.3994140625 0.0478515625 0.12890625
0 0.0654296875 0.3662109375 0.0732421875 0.1298828125
0 0.1337890625 0.3330078125 0.0771484375 0.1044921875
0 0.2294921875 0.2998046875 0.0390625 0.072265625
1 0.3525390625 0.77734375 0.0390625 0.0185546875
1 0.369140625 0.572265625 0.0380859375 0.0166015625
1 0.599609375 0.6201171875 0.037109375 0.017578125
6 0.61328125 0.3046875 0.0869140625 0.1689453125
6 0.4580078125 0.2734375 0.0537109375 0.123046875
6 0.5517578125 0.3046875 0.0458984375 0.0947265625