0 0.353515625 0.8984375 0.2666015625 0.2021484375
0 0.1513671875 0.7109375 0.203125 0.1357421875
0 0.2607421875 0.625 0.1123046875 0.0693359375
0 0.2900390625 0.580078125 0.0927734375 0.0478515625
0 0.3427734375 0.533203125 0.0673828125 0.037109375
0 0.408203125 0.7470703125 0.1689453125 0.119140625
0 0.4150390625 0.6494140625 0.123046875 0.0771484375
0 0.4345703125 0.5869140625 0.0966796875 0.056640625
0 0.4638671875 0.5654296875 0.0751953125 0.0400390625
0 0.822265625 0.900390625 0.2890625 0.1982421875
0 0.6953125 0.73828125 0.1728515625 0.1162109375
0 0.6552734375 0.6279296875 0.125 0.091796875
2 0.7080078125 0.7802734375 0.03515625 0.009765625
2 0.412109375 0.677734375 0.0263671875 0.0087890625
2 0.1201171875 0.7626953125 0.0341796875 0.0087890625
5 0.607421875 0.55859375 0.12109375 0.103515625