0 0.3427734375 0.7666015625 0.1904296875 0.240234375
0 0.662109375 0.7763671875 0.171875 0.236328125
0 0.70703125 0.900390625 0.2353515625 0.1982421875
0 0.599609375 0.603515625 0.142578125 0.201171875
0 0.642578125 0.521484375 0.10546875 0.166015625
0 0.6220703125 0.431640625 0.11328125 0.12890625
0 0.5810546875 0.423828125 0.08203125 0.1376953125
0 0.677734375 0.32421875 0.03515625 0.08203125
0 0.3662109375 0.5654296875 0.1298828125 0.1748046875
0 0.400390625 0.5029296875 0.111328125 0.16796875
0 0.41796875 0.34375 0.0859375 0.123046875
0 0.03515625 0.3876953125 0.0654296875 0.1240234375
0 0.0810546875 0.3544921875 0.0712890625 0.119140625
0 0.1474609375 0.3291015625 0.072265625 0.103515625
1 0.3427734375 0.8212890625 0.0439453125 0.0234375
1 0.3662109375 0.5966796875 0.037109375 0.01953125
1 0.6005859375 0.64453125 0.0380859375 0.0205078125
6 0.6171875 0.3125 0.0908203125 0.1845703125
6 0.458984375 0.2822265625 0.0556640625 0.134765625
6 0.548828125 0.302734375 0.044921875 0.087890625