0 0.2958984375 0.9208984375 0.228515625 0.158203125
0 0.314453125 0.771484375 0.1708984375 0.2470703125
0 0.3515625 0.5986328125 0.1142578125 0.1494140625
0 0.3876953125 0.5126953125 0.1298828125 0.197265625
0 0.416015625 0.359375 0.0732421875 0.1162109375
0 0.4375 0.3388671875 0.0576171875 0.1044921875
0 0.087890625 0.3525390625 0.087890625 0.1435546875
0 0.1767578125 0.3173828125 0.0634765625 0.0888671875
0 0.21875 0.310546875 0.03515625 0.0771484375
0 0.65625 0.7861328125 0.18359375 0.236328125
0 0.740234375 0.904296875 0.2265625 0.1904296875
0 0.59765625 0.4228515625 0.078125 0.1337890625
0 0.578125 0.3564453125 0.0712890625 0.1025390625
0 0.734375 0.3818359375 0.09375 0.1181640625
1 0.3125 0.8310546875 0.0458984375 0.0234375
1 0.6533203125 0.84375 0.0322265625 0.0166015625
6 0.6748046875 0.5537109375 0.1533203125 0.3623046875
6 0.451171875 0.2919921875 0.068359375 0.169921875