0 0.3359375 0.8173828125 0.197265625 0.2587890625
0 0.6708984375 0.828125 0.18359375 0.2529296875
0 0.6005859375 0.6337890625 0.1513671875 0.2099609375
0 0.36328125 0.5849609375 0.134765625 0.1806640625
0 0.6396484375 0.537109375 0.12109375 0.1669921875
0 0.6279296875 0.455078125 0.1201171875 0.1416015625
0 0.58203125 0.4365234375 0.08203125 0.138671875
0 0.6845703125 0.3251953125 0.033203125 0.0791015625
0 0.3916015625 0.521484375 0.12109375 0.1806640625
0 0.3740234375 0.400390625 0.0986328125 0.0869140625
0 0.4140625 0.3515625 0.0810546875 0.1279296875
0 0.0439453125 0.3740234375 0.078125 0.1142578125
0 0.0947265625 0.345703125 0.0693359375 0.1162109375
0 0.16015625 0.3251953125 0.0654296875 0.1103515625
1 0.3359375 0.875 0.044921875 0.0234375
1 0.3623046875 0.6181640625 0.0380859375 0.017578125
1 0.6025390625 0.673828125 0.0419921875 0.017578125
6 0.62109375 0.3125 0.091796875 0.181640625
6 0.5517578125 0.3046875 0.0458984375 0.08984375
6 0.4599609375 0.2822265625 0.0556640625 0.1376953125