0 0.3583984375 0.68359375 0.1748046875 0.2236328125
0 0.05078125 0.37890625 0.0771484375 0.1376953125
0 0.12109375 0.3408203125 0.0771484375 0.107421875
0 0.22265625 0.30078125 0.0419921875 0.072265625
0 0.375 0.521484375 0.1240234375 0.166015625
0 0.4140625 0.48046875 0.095703125 0.1591796875
0 0.3837890625 0.4072265625 0.09375 0.0693359375
0 0.42578125 0.3349609375 0.0791015625 0.12109375
0 0.681640625 0.8525390625 0.2109375 0.294921875
0 0.6513671875 0.6865234375 0.1572265625 0.201171875
0 0.595703125 0.5634765625 0.1376953125 0.18359375
0 0.6328125 0.49609375 0.111328125 0.154296875
0 0.611328125 0.4091796875 0.1123046875 0.1064453125
0 0.578125 0.4013671875 0.08203125 0.1220703125
1 0.3603515625 0.734375 0.0390625 0.0185546875
1 0.6845703125 0.9599609375 0.048828125 0.0224609375
1 0.375 0.556640625 0.0341796875 0.017578125
1 0.59375 0.595703125 0.03125 0.0205078125
6 0.609375 0.2998046875 0.0849609375 0.1669921875
6 0.4560546875 0.28125 0.0517578125 0.125