0 0.3662109375 0.8779296875 0.2314453125 0.2158203125
0 0.177734375 0.6845703125 0.177734375 0.1171875
0 0.283203125 0.6025390625 0.1064453125 0.0615234375
0 0.3095703125 0.5634765625 0.0927734375 0.041015625
0 0.34765625 0.533203125 0.0732421875 0.033203125
0 0.4091796875 0.728515625 0.158203125 0.1044921875
0 0.4150390625 0.6484375 0.1318359375 0.07421875
0 0.4296875 0.5830078125 0.0986328125 0.0517578125
0 0.462890625 0.5634765625 0.0810546875 0.0400390625
0 0.80859375 0.892578125 0.2705078125 0.21484375
0 0.658203125 0.712890625 0.1083984375 0.1005859375
0 0.65234375 0.62109375 0.130859375 0.0810546875
2 0.1455078125 0.73046875 0.0322265625 0.0048828125
2 0.693359375 0.7529296875 0.041015625 0.01171875
1 0.3486328125 0.9697265625 0.044921875 0.013671875
1 0.84765625 0.98046875 0.0537109375 0.0146484375
5 0.6044921875 0.55859375 0.119140625 0.1083984375