0 0.3671875 0.8662109375 0.2509765625 0.2177734375
0 0.7880859375 0.84765625 0.25390625 0.1884765625
0 0.673828125 0.701171875 0.1533203125 0.1005859375
0 0.6533203125 0.6142578125 0.1337890625 0.0947265625
0 0.4091796875 0.7158203125 0.1455078125 0.10546875
0 0.412109375 0.6328125 0.12109375 0.068359375
0 0.42578125 0.5732421875 0.0947265625 0.052734375
0 0.4658203125 0.5478515625 0.0732421875 0.037109375
0 0.107421875 0.78125 0.2119140625 0.1845703125
0 0.212890625 0.640625 0.146484375 0.1005859375
0 0.294921875 0.5751953125 0.0966796875 0.052734375
0 0.33203125 0.537109375 0.0791015625 0.041015625
0 0.3681640625 0.4990234375 0.0595703125 0.03125
1 0.3486328125 0.955078125 0.044921875 0.0126953125
1 0.81640625 0.923828125 0.0537109375 0.0166015625
1 0.015625 0.8505859375 0.0283203125 0.0126953125
5 0.6025390625 0.5458984375 0.1162109375 0.095703125
5 0.54296875 0.470703125 0.05859375 0.0419921875