0 0.189453125 0.6669921875 0.166015625 0.109375
0 0.294921875 0.587890625 0.10546875 0.056640625
0 0.310546875 0.552734375 0.083984375 0.0341796875
0 0.3486328125 0.5302734375 0.0751953125 0.0341796875
0 0.359375 0.875 0.2568359375 0.220703125
0 0.7841796875 0.857421875 0.248046875 0.1845703125
0 0.4052734375 0.7265625 0.158203125 0.1064453125
0 0.4150390625 0.642578125 0.123046875 0.0693359375
0 0.4296875 0.5830078125 0.10546875 0.0556640625
0 0.462890625 0.5634765625 0.0712890625 0.041015625
0 0.67578125 0.7138671875 0.1474609375 0.1015625
0 0.6455078125 0.619140625 0.12109375 0.0908203125
1 0.345703125 0.9658203125 0.0498046875 0.013671875
1 0.8212890625 0.935546875 0.0556640625 0.0126953125
1 0.693359375 0.7509765625 0.033203125 0.01171875
3 0.5390625 0.708984375 0.0634765625 0.091796875
5 0.6083984375 0.5576171875 0.125 0.1162109375