0 0.1826171875 0.6826171875 0.17578125 0.119140625
0 0.3662109375 0.8798828125 0.248046875 0.2255859375
0 0.8037109375 0.87890625 0.2607421875 0.201171875
0 0.6787109375 0.7138671875 0.15625 0.1025390625
0 0.6533203125 0.6220703125 0.125 0.08203125
0 0.28515625 0.5986328125 0.0947265625 0.0537109375
0 0.3095703125 0.5615234375 0.0791015625 0.0380859375
0 0.3408203125 0.533203125 0.080078125 0.0361328125
0 0.40625 0.7294921875 0.1640625 0.11328125
0 0.4169921875 0.6455078125 0.1318359375 0.0673828125
0 0.4296875 0.5888671875 0.0947265625 0.056640625
0 0.4638671875 0.5673828125 0.0771484375 0.041015625
1 0.3486328125 0.970703125 0.0537109375 0.009765625
1 0.8388671875 0.9658203125 0.0458984375 0.0126953125
2 0.6923828125 0.7529296875 0.025390625 0.0087890625
5 0.6025390625 0.5576171875 0.119140625 0.103515625