0 0.0947265625 0.9501953125 0.1455078125 0.099609375
0 0.2958984375 0.9482421875 0.1337890625 0.103515625
0 0.4521484375 0.919921875 0.119140625 0.16015625
0 0.6005859375 0.9189453125 0.130859375 0.162109375
0 0.0966796875 0.7138671875 0.103515625 0.12109375
0 0.1728515625 0.79296875 0.1171875 0.146484375
0 0.2333984375 0.685546875 0.099609375 0.1142578125
0 0.30859375 0.7529296875 0.107421875 0.1142578125
0 0.3564453125 0.6572265625 0.091796875 0.1015625
0 0.224609375 0.611328125 0.0703125 0.083984375
0 0.091796875 0.607421875 0.0888671875 0.107421875
0 0.1025390625 0.5302734375 0.06640625 0.08203125
0 0.236328125 0.5654296875 0.0751953125 0.0810546875
0 0.35546875 0.572265625 0.0869140625 0.099609375
0 0.189453125 0.4951171875 0.0693359375 0.076171875
0 0.4609375 0.7353515625 0.0830078125 0.125
0 0.423828125 0.8408203125 0.1025390625 0.1533203125
0 0.6220703125 0.73828125 0.0810546875 0.154296875
0 0.6064453125 0.662109375 0.0751953125 0.1396484375
0 0.470703125 0.662109375 0.0830078125 0.125
0 0.482421875 0.59375 0.080078125 0.0986328125
0 0.4169921875 0.5029296875 0.05859375 0.087890625
0 0.5078125 0.5458984375 0.06640625 0.091796875
0 0.349609375 0.4873046875 0.048828125 0.0625
0 0.2666015625 0.53515625 0.0556640625 0.0859375
0 0.2265625 0.4208984375 0.0634765625 0.0771484375
0 0.271484375 0.4013671875 0.0478515625 0.0576171875
0 0.3203125 0.4091796875 0.0546875 0.072265625
0 0.3447265625 0.3564453125 0.03125 0.0498046875
0 0.4521484375 0.3466796875 0.0283203125 0.052734375
0 0.908203125 0.8544921875 0.119140625 0.2060546875
0 0.92578125 0.767578125 0.119140625 0.162109375
0 0.8984375 0.66015625 0.10546875 0.099609375
0 0.9384765625 0.6298828125 0.0947265625 0.138671875
0 0.736328125 0.5263671875 0.0517578125 0.0986328125
0 0.7021484375 0.4697265625 0.05859375 0.08203125
0 0.669921875 0.3212890625 0.037109375 0.0625
0 0.71875 0.42578125 0.041015625 0.0810546875
0 0.8369140625 0.484375 0.0595703125 0.095703125
0 0.8115234375 0.615234375 0.0869140625 0.1259765625
0 0.9365234375 0.55859375 0.076171875 0.0810546875
0 0.814453125 0.390625 0.0634765625 0.052734375
2 0.818359375 0.6494140625 0.0244140625 0.0146484375
2 0.73828125 0.5478515625 0.01953125 0.013671875
1 0.607421875 0.982421875 0.03515625 0.0146484375
1 0.4521484375 0.966796875 0.03515625 0.0126953125
2 0.15234375 0.818359375 0.0302734375 0.013671875
2 0.2158203125 0.7021484375 0.03125 0.013671875
2 0.34765625 0.6796875 0.03125 0.013671875
2 0.466796875 0.75 0.0302734375 0.0126953125
2 0.689453125 0.857421875 0.0146484375 0.01953125
3 0.20703125 0.9130859375 0.041015625 0.162109375
3 0.828125 0.794921875 0.0400390625 0.1484375
3 0.09765625 0.8408203125 0.0419921875 0.1123046875
3 0.5302734375 0.419921875 0.01953125 0.0751953125
3 0.5546875 0.4208984375 0.01953125 0.068359375
3 0.4501953125 0.4326171875 0.021484375 0.07421875
4 0.66796875 0.810546875 0.07421875 0.18359375
4 0.12890625 0.4990234375 0.0439453125 0.08984375
4 0.3671875 0.390625 0.0361328125 0.0703125
4 0.4140625 0.4140625 0.03515625 0.0576171875
4 0.5126953125 0.392578125 0.0283203125 0.0537109375
4 0.48046875 0.3720703125 0.0361328125 0.041015625
4 0.7998046875 0.4921875 0.0439453125 0.041015625
4 0.90234375 0.48046875 0.048828125 0.072265625
4 0.86328125 0.5244140625 0.0498046875 0.095703125
4 0.79296875 0.4375 0.048828125 0.04296875
4 0.978515625 0.55859375 0.041015625 0.107421875
5 0.337890625 0.3046875 0.0751953125 0.095703125
5 0.416015625 0.189453125 0.0361328125 0.0458984375
5 0.8701171875 0.3369140625 0.1083984375 0.1337890625