0 0.162109375 0.7666015625 0.1083984375 0.1416015625
0 0.1767578125 0.6669921875 0.0869140625 0.1240234375
0 0.4501953125 0.9072265625 0.1337890625 0.16796875
3 0.0341796875 0.4833984375 0.025390625 0.0947265625
4 0.16796875 0.6298828125 0.080078125 0.12109375
4 0.0615234375 0.439453125 0.041015625 0.0888671875
4 0.5087890625 0.6962890625 0.0703125 0.1474609375
4 0.46875 0.591796875 0.072265625 0.138671875
4 0.5751953125 0.59765625 0.0625 0.1328125
4 0.67578125 0.7138671875 0.07421875 0.1533203125
4 0.6806640625 0.630859375 0.1123046875 0.1005859375
4 0.7138671875 0.681640625 0.1044921875 0.1298828125
4 0.7158203125 0.63671875 0.1044921875 0.0830078125
4 0.78125 0.5 0.0849609375 0.0859375
5 0.20703125 0.4326171875 0.1787109375 0.203125
5 0.4375 0.447265625 0.33984375 0.173828125
5 0.73828125 0.42578125 0.267578125 0.15625
5 0.669921875 0.3125 0.1376953125 0.0703125
5 0.44140625 0.2890625 0.1005859375 0.0703125
5 0.203125 0.2744140625 0.0927734375 0.052734375