0 0.05859375 0.595703125 0.11328125 0.1279296875
0 0.1318359375 0.4296875 0.09375 0.1220703125
0 0.4189453125 0.33984375 0.0771484375 0.1279296875
0 0.4990234375 0.3623046875 0.072265625 0.1220703125
0 0.740234375 0.58203125 0.2490234375 0.1953125
0 0.9404296875 0.5078125 0.119140625 0.169921875
0 0.1640625 0.71484375 0.2451171875 0.205078125
3 0.0478515625 0.8642578125 0.07421875 0.1572265625
3 0.3310546875 0.8525390625 0.111328125 0.1796875
3 0.390625 0.7177734375 0.115234375 0.1669921875
3 0.6953125 0.8974609375 0.1220703125 0.154296875
3 0.669921875 0.796875 0.1259765625 0.1572265625
3 0.6884765625 0.677734375 0.1298828125 0.1318359375
3 0.5498046875 0.5869140625 0.1083984375 0.1220703125
3 0.9423828125 0.884765625 0.1083984375 0.1728515625
4 0.173828125 0.8779296875 0.1748046875 0.224609375
4 0.2451171875 0.580078125 0.111328125 0.134765625
4 0.185546875 0.5029296875 0.08984375 0.134765625
4 0.2744140625 0.51953125 0.0986328125 0.134765625
4 0.3828125 0.6005859375 0.1455078125 0.1767578125
4 0.4169921875 0.5205078125 0.1240234375 0.14453125
4 0.5400390625 0.390625 0.0986328125 0.1025390625
4 0.5302734375 0.705078125 0.16796875 0.1923828125
4 0.4990234375 0.8251953125 0.18359375 0.21484375
4 0.5556640625 0.5244140625 0.1318359375 0.1572265625
4 0.8701171875 0.787109375 0.19140625 0.2529296875
4 0.9453125 0.634765625 0.109375 0.203125
5 0.80078125 0.359375 0.3984375 0.33984375