0 0.3017578125 0.7431640625 0.033203125 0.046875
4 0.29296875 0.9609375 0.046875 0.078125
4 0.322265625 0.8994140625 0.046875 0.0888671875
4 0.287109375 0.806640625 0.03515625 0.07421875
4 0.361328125 0.841796875 0.0546875 0.080078125
4 0.46484375 0.8466796875 0.060546875 0.05859375
4 0.4794921875 0.8330078125 0.05078125 0.0615234375
4 0.4833984375 0.7998046875 0.046875 0.03515625
4 0.53515625 0.8671875 0.064453125 0.0771484375
4 0.810546875 0.8837890625 0.1044921875 0.091796875
4 0.9072265625 0.88671875 0.078125 0.07421875