5 0.5673828125 0.8701171875 0.162109375 0.1279296875
5 0.3212890625 0.8779296875 0.1533203125 0.119140625
5 0.3203125 0.7939453125 0.115234375 0.150390625
5 0.08984375 0.7373046875 0.1220703125 0.1875
5 0.494140625 0.759765625 0.099609375 0.21875
5 0.6357421875 0.7294921875 0.1240234375 0.166015625
5 0.365234375 0.701171875 0.130859375 0.208984375
5 0.5888671875 0.65625 0.1337890625 0.1376953125
5 0.7451171875 0.8173828125 0.1357421875 0.171875
5 0.7568359375 0.6748046875 0.1396484375 0.1376953125
5 0.61328125 0.5029296875 0.080078125 0.1376953125
5 0.6103515625 0.365234375 0.0693359375 0.09375
5 0.5419921875 0.2939453125 0.0751953125 0.0810546875
5 0.6787109375 0.2548828125 0.0595703125 0.072265625
5 0.5830078125 0.205078125 0.046875 0.0595703125
5 0.66015625 0.205078125 0.0537109375 0.046875
4 0.833984375 0.755859375 0.095703125 0.1875
4 0.9560546875 0.7783203125 0.087890625 0.177734375
4 0.654296875 0.462890625 0.0556640625 0.130859375
4 0.712890625 0.330078125 0.0537109375 0.0966796875
4 0.958984375 0.4892578125 0.0693359375 0.134765625
4 0.794921875 0.28125 0.05078125 0.09375
5 0.4326171875 0.5185546875 0.224609375 0.306640625
5 0.1982421875 0.513671875 0.146484375 0.296875