0 0.083984375 0.9013671875 0.1435546875 0.162109375
0 0.2763671875 0.87890625 0.1435546875 0.1591796875
0 0.087890625 0.7861328125 0.1435546875 0.16796875
0 0.09375 0.69140625 0.1240234375 0.080078125
0 0.1064453125 0.650390625 0.1103515625 0.15625
0 0.095703125 0.5751953125 0.1083984375 0.1357421875
0 0.1162109375 0.48828125 0.1025390625 0.162109375
0 0.10546875 0.3818359375 0.1005859375 0.1328125
0 0.251953125 0.6884765625 0.1103515625 0.185546875
0 0.26953125 0.603515625 0.1181640625 0.162109375
0 0.2509765625 0.5234375 0.1044921875 0.1328125
0 0.234375 0.3955078125 0.1044921875 0.1357421875
0 0.1220703125 0.2880859375 0.0947265625 0.12109375
0 0.3779296875 0.53125 0.0927734375 0.1650390625
0 0.4287109375 0.837890625 0.1142578125 0.2001953125
0 0.4580078125 0.6337890625 0.0986328125 0.1767578125
0 0.4111328125 0.4501953125 0.080078125 0.14453125
0 0.3701171875 0.384765625 0.0966796875 0.126953125
0 0.38671875 0.3232421875 0.0869140625 0.109375
0 0.3955078125 0.2333984375 0.0888671875 0.1474609375
0 0.2158203125 0.173828125 0.0625 0.0771484375
0 0.1162109375 0.1611328125 0.078125 0.080078125
0 0.3662109375 0.1611328125 0.068359375 0.09765625
0 0.1025390625 0.0947265625 0.07421875 0.0947265625
0 0.1982421875 0.1337890625 0.07421875 0.103515625
0 0.2138671875 0.0830078125 0.06640625 0.0888671875
0 0.2763671875 0.041015625 0.060546875 0.0771484375
0 0.9599609375 0.6103515625 0.080078125 0.1943359375
0 0.9423828125 0.5400390625 0.115234375 0.185546875
0 0.904296875 0.4599609375 0.1552734375 0.1767578125
0 0.7822265625 0.3583984375 0.0986328125 0.138671875
0 0.775390625 0.2802734375 0.1044921875 0.1123046875
0 0.5908203125 0.07421875 0.072265625 0.0888671875
0 0.958984375 0.353515625 0.078125 0.1181640625
0 0.79296875 0.1650390625 0.080078125 0.0830078125
0 0.939453125 0.2021484375 0.0986328125 0.14453125
3 0.1982421875 0.94921875 0.056640625 0.1015625
3 0.333984375 0.7568359375 0.0546875 0.162109375
3 0.6015625 0.939453125 0.0703125 0.12109375
3 0.5166015625 0.5888671875 0.04296875 0.14453125
4 0.47265625 0.9287109375 0.09375 0.142578125
3 0.3115234375 0.169921875 0.021484375 0.080078125
4 0.5126953125 0.7607421875 0.0869140625 0.2060546875
4 0.458984375 0.4853515625 0.072265625 0.138671875
4 0.3232421875 0.2841796875 0.056640625 0.1328125
4 0.2890625 0.2216796875 0.05078125 0.1181640625
4 0.9765625 0.2333984375 0.046875 0.1123046875
4 0.8466796875 0.14453125 0.0625 0.0830078125
4 0.6728515625 0.060546875 0.041015625 0.0859375
5 0.349609375 0.05859375 0.0947265625 0.1123046875