0 0.26953125 0.5029296875 0.3310546875 0.2861328125
0 0.10546875 0.283203125 0.20703125 0.228515625
3 0.2666015625 0.66796875 0.1201171875 0.265625
3 0.59375 0.291015625 0.1064453125 0.1787109375
3 0.0712890625 0.771484375 0.1337890625 0.2421875
3 0.70703125 0.1982421875 0.0576171875 0.1611328125
3 0.3759765625 0.1923828125 0.09375 0.16796875
3 0.455078125 0.3466796875 0.0712890625 0.181640625
4 0.669921875 0.669921875 0.2822265625 0.330078125
4 0.8984375 0.5322265625 0.1982421875 0.2900390625
6 0.8154296875 0.2470703125 0.2353515625 0.265625