0 0.30078125 0.564453125 0.314453125 0.46484375
2 0.4453125 0.623046875 0.03125 0.0283203125
2 0.3916015625 0.61328125 0.029296875 0.0283203125
2 0.244140625 0.6650390625 0.029296875 0.0166015625
2 0.056640625 0.6552734375 0.0419921875 0.0068359375
2 0.6025390625 0.6201171875 0.0263671875 0.0263671875
2 0.552734375 0.6435546875 0.02734375 0.03125
2 0.9375 0.61328125 0.033203125 0.033203125
3 0.0849609375 0.61328125 0.109375 0.478515625
3 0.2587890625 0.6455078125 0.1171875 0.4189453125
3 0.4765625 0.6484375 0.1201171875 0.4482421875
3 0.392578125 0.638671875 0.08984375 0.4150390625
3 0.5556640625 0.6240234375 0.060546875 0.4052734375
3 0.619140625 0.642578125 0.1181640625 0.4169921875
3 0.79296875 0.66015625 0.12890625 0.423828125
4 0.94140625 0.6533203125 0.1171875 0.482421875
4 0.0888671875 0.5283203125 0.169921875 0.365234375