0 0.5498046875 0.689453125 0.1416015625 0.2578125
0 0.5107421875 0.87890625 0.1630859375 0.2421875
0 0.74609375 0.6083984375 0.1376953125 0.2236328125
0 0.7939453125 0.8505859375 0.208984375 0.2978515625
0 0.634765625 0.46484375 0.10546875 0.1484375
0 0.0537109375 0.201171875 0.0556640625 0.080078125
0 0.029296875 0.16015625 0.0556640625 0.076171875
2 0.1435546875 0.7607421875 0.017578125 0.0185546875
2 0.3759765625 0.7529296875 0.0166015625 0.0205078125
2 0.5537109375 0.7314453125 0.0419921875 0.0185546875
2 0.517578125 0.9599609375 0.0556640625 0.02734375
2 0.8203125 0.91796875 0.052734375 0.03125
2 0.7587890625 0.6796875 0.03125 0.0185546875
2 0.62890625 0.4853515625 0.033203125 0.0224609375
3 0.2265625 0.6298828125 0.0556640625 0.21484375
3 0.802734375 0.3759765625 0.0419921875 0.107421875
4 0.107421875 0.6953125 0.1201171875 0.279296875
4 0.3427734375 0.669921875 0.107421875 0.2744140625
4 0.6767578125 0.19921875 0.0625 0.0947265625