0 0.240234375 0.791015625 0.2060546875 0.2744140625
0 0.4130859375 0.8515625 0.201171875 0.2958984375
0 0.337890625 0.603515625 0.1728515625 0.21875
0 0.458984375 0.6513671875 0.1240234375 0.181640625
0 0.6572265625 0.8193359375 0.173828125 0.2978515625
0 0.8837890625 0.9091796875 0.21484375 0.181640625
0 0.849609375 0.7177734375 0.16015625 0.2353515625
0 0.69921875 0.6337890625 0.130859375 0.2236328125
0 0.828125 0.25390625 0.1357421875 0.103515625
0 0.74609375 0.2060546875 0.0830078125 0.0908203125
0 0.814453125 0.1669921875 0.0966796875 0.0849609375
0 0.380859375 0.2978515625 0.076171875 0.115234375
0 0.685546875 0.05859375 0.025390625 0.0390625
1 0.6396484375 0.875 0.0458984375 0.0244140625
1 0.3818359375 0.931640625 0.0458984375 0.0224609375
1 0.8642578125 0.78125 0.0478515625 0.0185546875
2 0.3017578125 0.6298828125 0.03515625 0.0224609375
2 0.564453125 0.671875 0.0166015625 0.0185546875
3 0.224609375 0.888671875 0.0791015625 0.22265625
3 0.5703125 0.6318359375 0.0576171875 0.21875
3 0.587890625 0.5439453125 0.048828125 0.1689453125
3 0.80859375 0.50390625 0.056640625 0.185546875
3 0.7900390625 0.4541015625 0.0439453125 0.1552734375
3 0.640625 0.23828125 0.0537109375 0.0908203125
3 0.6796875 0.177734375 0.0380859375 0.0810546875
4 0.6083984375 0.0625 0.01953125 0.0478515625
4 0.6220703125 0.05859375 0.0166015625 0.0458984375
4 0.62890625 0.05078125 0.0126953125 0.04296875
5 0.537109375 0.1494140625 0.181640625 0.1279296875