0 0.322265625 0.849609375 0.142578125 0.21484375
0 0.4423828125 0.80859375 0.1376953125 0.220703125
0 0.51171875 0.9619140625 0.166015625 0.076171875
0 0.634765625 0.625 0.09765625 0.1533203125
0 0.4384765625 0.458984375 0.130859375 0.0966796875
0 0.478515625 0.4287109375 0.0927734375 0.0986328125
0 0.5087890625 0.3076171875 0.04296875 0.0595703125
0 0.490234375 0.287109375 0.0302734375 0.041015625
0 0.458984375 0.2412109375 0.0185546875 0.033203125
0 0.5048828125 0.236328125 0.01953125 0.03125
2 0.0703125 0.9423828125 0.015625 0.0146484375
2 0.3076171875 0.900390625 0.0361328125 0.0263671875
2 0.4326171875 0.8955078125 0.037109375 0.02734375
2 0.6455078125 0.6435546875 0.0263671875 0.0166015625
2 0.755859375 0.953125 0.01171875 0.0126953125
3 0.0810546875 0.8935546875 0.041015625 0.2021484375
3 0.37109375 0.6416015625 0.0556640625 0.1533203125
3 0.2607421875 0.6669921875 0.0478515625 0.14453125
3 0.6103515625 0.509765625 0.0537109375 0.11328125
3 0.4423828125 0.26171875 0.0087890625 0.03515625
3 0.4677734375 0.2607421875 0.015625 0.029296875
4 0.21484375 0.7548828125 0.1005859375 0.1796875
4 0.580078125 0.6982421875 0.0771484375 0.2041015625
4 0.6630859375 0.9013671875 0.119140625 0.1962890625
4 0.33203125 0.4765625 0.08984375 0.11328125
5 0.73046875 0.419921875 0.2060546875 0.22265625
6 0.169921875 0.876953125 0.150390625 0.24609375
6 0.74609375 0.818359375 0.1455078125 0.3330078125