0 0.5498046875 0.689453125 0.1416015625 0.2578125
0 0.51171875 0.87890625 0.16015625 0.2421875
0 0.7958984375 0.8515625 0.208984375 0.2958984375
0 0.744140625 0.6123046875 0.1298828125 0.220703125
0 0.63671875 0.47265625 0.1064453125 0.169921875
0 0.0517578125 0.201171875 0.0595703125 0.0869140625
0 0.0322265625 0.162109375 0.0556640625 0.0869140625
2 0.1259765625 0.900390625 0.021484375 0.0224609375
2 0.2119140625 0.666015625 0.015625 0.0166015625
2 0.375 0.7509765625 0.0146484375 0.0205078125
2 0.517578125 0.95703125 0.056640625 0.0224609375
2 0.5537109375 0.7314453125 0.0400390625 0.0185546875
2 0.6279296875 0.4833984375 0.0380859375 0.0185546875
2 0.7607421875 0.67578125 0.03515625 0.0224609375
2 0.8115234375 0.9169921875 0.0361328125 0.0263671875
3 0.2255859375 0.6318359375 0.0576171875 0.22265625
3 0.8017578125 0.373046875 0.0361328125 0.1015625
4 0.08984375 0.8115234375 0.1435546875 0.326171875
4 0.33984375 0.671875 0.1142578125 0.2744140625
4 0.8623046875 0.166015625 0.04296875 0.0869140625