0 0.169921875 0.31640625 0.1064453125 0.0966796875
0 0.3388671875 0.7900390625 0.1259765625 0.31640625
0 0.4951171875 0.7685546875 0.12109375 0.2587890625
0 0.611328125 0.5478515625 0.11328125 0.1484375
0 0.3662109375 0.142578125 0.0283203125 0.0478515625
0 0.564453125 0.205078125 0.0556640625 0.0517578125
0 0.63671875 0.212890625 0.05859375 0.0556640625
0 0.8759765625 0.169921875 0.02734375 0.0478515625
1 0.3359375 0.84765625 0.04296875 0.0205078125
2 0.509765625 0.80078125 0.0439453125 0.0205078125
3 0.0751953125 0.8662109375 0.0751953125 0.255859375
3 0.46484375 0.5283203125 0.04296875 0.1572265625
3 0.5068359375 0.5029296875 0.0439453125 0.1572265625
3 0.5966796875 0.6162109375 0.0537109375 0.173828125
3 0.5205078125 0.333984375 0.04296875 0.1015625
4 0.494140625 0.91015625 0.1279296875 0.1796875
4 0.7529296875 0.6376953125 0.09765625 0.220703125
4 0.42578125 0.1875 0.03515625 0.0615234375
4 0.400390625 0.1591796875 0.0205078125 0.044921875
4 0.8134765625 0.287109375 0.0673828125 0.0927734375
4 0.9697265625 0.283203125 0.0595703125 0.0849609375
6 0.927734375 0.1513671875 0.048828125 0.099609375
6 0.49609375 0.201171875 0.060546875 0.0869140625