0 0.16015625 0.7978515625 0.1962890625 0.2587890625
0 0.3486328125 0.810546875 0.1337890625 0.3203125
0 0.3427734375 0.59765625 0.1220703125 0.18359375
0 0.5732421875 0.560546875 0.12109375 0.1318359375
0 0.6435546875 0.7158203125 0.1318359375 0.25390625
0 0.666015625 0.53125 0.115234375 0.1669921875
0 0.8505859375 0.92578125 0.2822265625 0.1484375
0 0.5283203125 0.3427734375 0.08203125 0.107421875
0 0.666015625 0.1982421875 0.0595703125 0.0556640625
0 0.697265625 0.265625 0.0791015625 0.064453125
0 0.8486328125 0.3037109375 0.0732421875 0.078125
2 0.126953125 0.8486328125 0.041015625 0.0205078125
2 0.34765625 0.87890625 0.0380859375 0.0244140625
2 0.60546875 0.9091796875 0.0244140625 0.033203125
2 0.6572265625 0.7373046875 0.041015625 0.0224609375
3 0.732421875 0.64453125 0.0458984375 0.20703125
3 0.40234375 0.1884765625 0.01953125 0.0517578125
3 0.3564453125 0.1767578125 0.015625 0.0498046875
4 0.82421875 0.73828125 0.1298828125 0.24609375
4 0.599609375 0.3759765625 0.072265625 0.1298828125
4 0.5966796875 0.2822265625 0.0576171875 0.0869140625
4 0.3603515625 0.1337890625 0.0166015625 0.0458984375
5 0.86328125 0.2236328125 0.1904296875 0.134765625
5 0.8681640625 0.1396484375 0.0517578125 0.04296875
6 0.54296875 0.8095703125 0.1767578125 0.3779296875