0 0.3349609375 0.794921875 0.1259765625 0.330078125
0 0.498046875 0.771484375 0.1318359375 0.2724609375
0 0.6103515625 0.5498046875 0.115234375 0.1591796875
0 0.3642578125 0.14453125 0.0283203125 0.044921875
0 0.548828125 0.205078125 0.0576171875 0.0576171875
0 0.44921875 0.1669921875 0.033203125 0.044921875
0 0.62109375 0.2099609375 0.0615234375 0.0576171875
0 0.8759765625 0.1708984375 0.03125 0.0537109375
1 0.3349609375 0.8486328125 0.0419921875 0.0185546875
2 0.5107421875 0.7958984375 0.04296875 0.0185546875
3 0.0888671875 0.8212890625 0.068359375 0.2314453125
3 0.3349609375 0.5078125 0.046875 0.14453125
3 0.4609375 0.5224609375 0.041015625 0.1552734375
3 0.50390625 0.501953125 0.0458984375 0.14453125
3 0.6025390625 0.6171875 0.060546875 0.1650390625
3 0.5478515625 0.341796875 0.0537109375 0.1015625
4 0.9326171875 0.2880859375 0.0634765625 0.0986328125
4 0.4892578125 0.908203125 0.12890625 0.18359375
4 0.751953125 0.646484375 0.1064453125 0.2373046875
4 0.41796875 0.1875 0.029296875 0.0595703125
4 0.39453125 0.15625 0.0224609375 0.0458984375
4 0.7900390625 0.2822265625 0.0576171875 0.10546875
4 0.8505859375 0.1787109375 0.0244140625 0.0498046875
6 0.4873046875 0.201171875 0.0556640625 0.080078125
6 0.927734375 0.1494140625 0.0478515625 0.1015625