0 0.162109375 0.2587890625 0.1728515625 0.140625
0 0.3291015625 0.3740234375 0.111328125 0.1552734375
0 0.451171875 0.49609375 0.1279296875 0.2001953125
0 0.458984375 0.357421875 0.134765625 0.1552734375
0 0.5849609375 0.419921875 0.103515625 0.1669921875
0 0.4423828125 0.2158203125 0.11328125 0.150390625
0 0.5771484375 0.1494140625 0.115234375 0.0947265625
0 0.8916015625 0.1533203125 0.140625 0.0810546875
2 0.3173828125 0.3828125 0.0322265625 0.0244140625
2 0.4482421875 0.51171875 0.03515625 0.0166015625
2 0.591796875 0.4580078125 0.0380859375 0.0166015625
3 0.884765625 0.3857421875 0.0380859375 0.1572265625
3 0.92578125 0.3251953125 0.0341796875 0.138671875
4 0.662109375 0.142578125 0.0205078125 0.0849609375