0 0.3193359375 0.849609375 0.1357421875 0.22265625
6 0.4462890625 0.8232421875 0.1337890625 0.24609375
6 0.51171875 0.9599609375 0.1630859375 0.080078125
6 0.6435546875 0.6533203125 0.1103515625 0.1552734375
6 0.2666015625 0.46484375 0.1318359375 0.0888671875
6 0.3994140625 0.4404296875 0.1337890625 0.0927734375
6 0.5966796875 0.4638671875 0.1259765625 0.0986328125
6 0.73046875 0.36328125 0.1025390625 0.0849609375
6 0.580078125 0.349609375 0.0556640625 0.0625
6 0.5107421875 0.3076171875 0.0302734375 0.0517578125
6 0.5087890625 0.2705078125 0.0224609375 0.0478515625
6 0.4609375 0.2685546875 0.0263671875 0.037109375
6 0.4990234375 0.2236328125 0.017578125 0.029296875
6 0.4638671875 0.2041015625 0.013671875 0.0185546875
2 0.3095703125 0.9013671875 0.037109375 0.0244140625
2 0.072265625 0.943359375 0.0146484375 0.0166015625
2 0.431640625 0.89453125 0.0361328125 0.0263671875
2 0.7587890625 0.9501953125 0.0224609375 0.0224609375
3 0.0791015625 0.8896484375 0.0439453125 0.1982421875
3 0.263671875 0.666015625 0.0517578125 0.142578125
3 0.3681640625 0.634765625 0.0576171875 0.1552734375
3 0.58984375 0.546875 0.025390625 0.109375
3 0.7158203125 0.6064453125 0.029296875 0.1201171875
3 0.224609375 0.4931640625 0.0625 0.0986328125
3 0.458984375 0.3125 0.0166015625 0.0478515625
3 0.4765625 0.298828125 0.015625 0.0498046875
4 0.2177734375 0.755859375 0.0986328125 0.185546875
4 0.58203125 0.7138671875 0.0771484375 0.1904296875
4 0.6611328125 0.904296875 0.119140625 0.1904296875
6 0.177734375 0.8720703125 0.14453125 0.255859375
6 0.7470703125 0.82421875 0.142578125 0.3408203125