0 0.2705078125 0.5263671875 0.1103515625 0.1650390625
0 0.373046875 0.5380859375 0.0830078125 0.2236328125
0 0.41015625 0.466796875 0.08203125 0.1513671875
0 0.5341796875 0.86328125 0.173828125 0.2734375
0 0.5693359375 0.5263671875 0.076171875 0.1689453125
0 0.6708984375 0.705078125 0.1630859375 0.244140625
0 0.5537109375 0.390625 0.07421875 0.099609375
0 0.677734375 0.392578125 0.0849609375 0.1220703125
0 0.486328125 0.2353515625 0.0537109375 0.06640625
0 0.75390625 0.279296875 0.06640625 0.0703125
0 0.9599609375 0.2314453125 0.0625 0.0625
0 0.9716796875 0.1728515625 0.05078125 0.04296875
2 0.2548828125 0.5341796875 0.0263671875 0.0166015625
2 0.3701171875 0.572265625 0.025390625 0.0185546875
2 0.5576171875 0.947265625 0.044921875 0.0205078125
2 0.697265625 0.7509765625 0.0341796875 0.0205078125
3 0.1357421875 0.767578125 0.052734375 0.2607421875
3 0.376953125 0.150390625 0.01171875 0.041015625
3 0.3427734375 0.1572265625 0.0146484375 0.0478515625
3 0.7431640625 0.6171875 0.0439453125 0.17578125
4 0.6845703125 0.5146484375 0.08984375 0.1259765625
4 0.875 0.275390625 0.0517578125 0.0830078125
4 0.865234375 0.236328125 0.048828125 0.0576171875
4 0.9013671875 0.166015625 0.021484375 0.0498046875
5 0.8642578125 0.1513671875 0.0537109375 0.078125
6 0.494140625 0.587890625 0.111328125 0.294921875