0 0.5712890625 0.5556640625 0.142578125 0.1884765625
0 0.5146484375 0.2158203125 0.09375 0.080078125
0 0.5478515625 0.181640625 0.12109375 0.078125
0 0.646484375 0.2099609375 0.1123046875 0.076171875
0 0.7216796875 0.15625 0.10546875 0.10546875
0 0.814453125 0.1923828125 0.099609375 0.0849609375
0 0.8515625 0.2275390625 0.138671875 0.0927734375
0 0.9365234375 0.1640625 0.126953125 0.0869140625
0 0.6865234375 0.044921875 0.0322265625 0.0390625
0 0.7216796875 0.046875 0.029296875 0.04296875
0 0.75 0.05078125 0.0478515625 0.0537109375
2 0.54296875 0.57421875 0.041015625 0.0263671875
4 0.5927734375 0.068359375 0.0244140625 0.0478515625
4 0.6083984375 0.06640625 0.015625 0.041015625
4 0.623046875 0.05859375 0.015625 0.0458984375