0 0.3212890625 0.8515625 0.134765625 0.2109375
0 0.4443359375 0.81640625 0.134765625 0.22265625
0 0.5087890625 0.9609375 0.1669921875 0.078125
0 0.6337890625 0.625 0.1083984375 0.150390625
0 0.5673828125 0.458984375 0.123046875 0.099609375
0 0.630859375 0.4248046875 0.08984375 0.0947265625
0 0.5166015625 0.314453125 0.046875 0.06640625
0 0.49609375 0.2919921875 0.03125 0.03125
0 0.4599609375 0.2421875 0.0166015625 0.0263671875
0 0.501953125 0.2353515625 0.015625 0.029296875
2 0.0712890625 0.9462890625 0.0205078125 0.0185546875
2 0.30859375 0.8984375 0.03515625 0.0185546875
2 0.4326171875 0.8974609375 0.0361328125 0.0205078125
2 0.6435546875 0.64453125 0.0224609375 0.0185546875
2 0.0810546875 0.8896484375 0.048828125 0.1982421875
2 0.369140625 0.6396484375 0.0556640625 0.150390625
2 0.2607421875 0.658203125 0.048828125 0.134765625
2 0.4404296875 0.265625 0.0107421875 0.03515625
2 0.4697265625 0.26171875 0.009765625 0.03125
2 0.609375 0.5068359375 0.0458984375 0.0986328125
4 0.2177734375 0.7607421875 0.09765625 0.1962890625
4 0.580078125 0.701171875 0.0771484375 0.208984375
4 0.6591796875 0.9052734375 0.12890625 0.1884765625
4 0.3271484375 0.455078125 0.083984375 0.0986328125
4 0.4384765625 0.4775390625 0.095703125 0.107421875
6 0.16796875 0.8779296875 0.146484375 0.244140625
6 0.74609375 0.818359375 0.1396484375 0.318359375