0 0.5224609375 0.806640625 0.1650390625 0.357421875
0 0.5322265625 0.3955078125 0.1162109375 0.134765625
0 0.7734375 0.5126953125 0.1279296875 0.1962890625
0 0.630859375 0.2236328125 0.1513671875 0.10546875
0 0.7158203125 0.193359375 0.111328125 0.0830078125
0 0.8203125 0.2119140625 0.1240234375 0.0869140625
0 0.7080078125 0.0400390625 0.025390625 0.0390625
0 0.73828125 0.048828125 0.046875 0.03125
1 0.533203125 0.873046875 0.046875 0.0244140625
2 0.5576171875 0.404296875 0.025390625 0.0166015625
3 0.6923828125 0.4453125 0.0361328125 0.1533203125
4 0.5927734375 0.0693359375 0.0205078125 0.0498046875
4 0.6064453125 0.0673828125 0.013671875 0.0498046875
4 0.6298828125 0.0546875 0.0283203125 0.0498046875
4 0.78515625 0.1552734375 0.05859375 0.0478515625