0 0.244140625 0.7900390625 0.205078125 0.2763671875
0 0.412109375 0.8515625 0.19921875 0.28515625
0 0.6572265625 0.8134765625 0.1728515625 0.294921875
0 0.884765625 0.91015625 0.2099609375 0.1796875
0 0.85546875 0.7138671875 0.1611328125 0.2236328125
0 0.69921875 0.634765625 0.1357421875 0.22265625
0 0.4580078125 0.6513671875 0.1240234375 0.1796875
0 0.33984375 0.5986328125 0.1708984375 0.220703125
0 0.6865234375 0.0830078125 0.0361328125 0.037109375
0 0.6845703125 0.111328125 0.0341796875 0.037109375
0 0.79296875 0.1650390625 0.083984375 0.07421875
1 0.3818359375 0.931640625 0.0498046875 0.0224609375
1 0.640625 0.8759765625 0.0478515625 0.0224609375
1 0.8642578125 0.7802734375 0.0458984375 0.0205078125
2 0.302734375 0.630859375 0.0361328125 0.0205078125
3 0.2255859375 0.8896484375 0.0810546875 0.220703125
3 0.6904296875 0.4609375 0.064453125 0.1298828125
3 0.734375 0.423828125 0.0712890625 0.13671875
3 0.787109375 0.455078125 0.037109375 0.1533203125
3 0.8115234375 0.50390625 0.046875 0.185546875
3 0.845703125 0.3115234375 0.08203125 0.1220703125
4 0.6083984375 0.0625 0.01953125 0.0517578125
4 0.6181640625 0.056640625 0.01953125 0.0498046875
4 0.630859375 0.0546875 0.01171875 0.0458984375
5 0.548828125 0.2568359375 0.4169921875 0.25