0 0.3349609375 0.7900390625 0.123046875 0.3203125
0 0.498046875 0.763671875 0.1259765625 0.2724609375
0 0.609375 0.546875 0.1123046875 0.150390625
0 0.3671875 0.13671875 0.0244140625 0.041015625
0 0.4931640625 0.1875 0.044921875 0.0537109375
0 0.5576171875 0.1962890625 0.0517578125 0.0478515625
2 0.3349609375 0.8486328125 0.0439453125 0.0205078125
3 0.333984375 0.4990234375 0.0322265625 0.146484375
3 0.3955078125 0.5302734375 0.041015625 0.150390625
3 0.455078125 0.498046875 0.03515625 0.14453125
3 0.505859375 0.498046875 0.0400390625 0.1484375
4 0.15234375 0.8564453125 0.1181640625 0.287109375
4 0.484375 0.8828125 0.125 0.234375
4 0.75390625 0.6474609375 0.1025390625 0.2275390625
4 0.3896484375 0.177734375 0.029296875 0.044921875
4 0.81640625 0.275390625 0.0654296875 0.0908203125
6 0.9462890625 0.2724609375 0.107421875 0.158203125
6 0.9287109375 0.1494140625 0.0478515625 0.0986328125
6 0.4453125 0.1845703125 0.048828125 0.0869140625