0 0.349609375 0.3486328125 0.12890625 0.1533203125
0 0.4462890625 0.4873046875 0.123046875 0.181640625
0 0.4755859375 0.3447265625 0.1259765625 0.140625
0 0.5888671875 0.42578125 0.09765625 0.169921875
0 0.484375 0.69921875 0.158203125 0.2578125
0 0.392578125 0.091796875 0.1025390625 0.064453125
0 0.88671875 0.130859375 0.1279296875 0.0869140625
2 0.3251953125 0.357421875 0.0322265625 0.0185546875
2 0.4482421875 0.5107421875 0.033203125 0.0224609375
2 0.5859375 0.458984375 0.0322265625 0.0185546875
2 0.47265625 0.720703125 0.029296875 0.0146484375
3 0.8681640625 0.333984375 0.02734375 0.1572265625
3 0.9267578125 0.3173828125 0.0341796875 0.138671875
4 0.2001953125 0.2548828125 0.1181640625 0.134765625