0 0.361328125 0.3427734375 0.1318359375 0.1484375
0 0.4912109375 0.333984375 0.1005859375 0.1611328125
0 0.451171875 0.490234375 0.126953125 0.1875
0 0.484375 0.6376953125 0.15234375 0.24609375
0 0.583984375 0.41796875 0.095703125 0.1611328125
0 0.45703125 0.14453125 0.1142578125 0.0927734375
0 0.52734375 0.1396484375 0.0986328125 0.0908203125
0 0.560546875 0.1005859375 0.08984375 0.072265625
2 0.3310546875 0.34765625 0.02734375 0.0166015625
2 0.48046875 0.65234375 0.044921875 0.0205078125
3 0.8681640625 0.31640625 0.029296875 0.14453125
3 0.927734375 0.3125 0.03515625 0.14453125