0 0.2822265625 0.71875 0.1337890625 0.248046875
0 0.654296875 0.87890625 0.1982421875 0.2421875
0 0.8271484375 0.8359375 0.1591796875 0.2685546875
0 0.6455078125 0.67578125 0.142578125 0.2001953125
0 0.4150390625 0.3388671875 0.177734375 0.103515625
0 0.16796875 0.181640625 0.0751953125 0.0595703125
0 0.3076171875 0.1708984375 0.0625 0.0576171875
0 0.5859375 0.244140625 0.0888671875 0.06640625
0 0.5830078125 0.2138671875 0.0771484375 0.0498046875
0 0.330078125 0.150390625 0.03515625 0.0556640625
0 0.4013671875 0.1904296875 0.03125 0.0517578125
0 0.3974609375 0.169921875 0.04296875 0.04296875
0 0.529296875 0.154296875 0.02734375 0.03515625
0 0.533203125 0.205078125 0.0244140625 0.0556640625
0 0.5009765625 0.140625 0.029296875 0.033203125
1 0.6826171875 0.958984375 0.0498046875 0.0224609375
2 0.4658203125 0.8876953125 0.0205078125 0.02734375
2 0.279296875 0.7509765625 0.041015625 0.0205078125
2 0.654296875 0.7314453125 0.0380859375 0.0185546875
2 0.1103515625 0.7451171875 0.0185546875 0.0126953125
3 0.1201171875 0.7021484375 0.0654296875 0.22265625
3 0.3095703125 0.580078125 0.0908203125 0.138671875
3 0.498046875 0.5 0.0595703125 0.140625
3 0.55078125 0.685546875 0.03515625 0.20703125
3 0.7314453125 0.630859375 0.052734375 0.17578125
3 0.4267578125 0.1572265625 0.0107421875 0.041015625
3 0.46484375 0.1689453125 0.0146484375 0.0478515625
3 0.9677734375 0.919921875 0.0634765625 0.150390625
4 0.4482421875 0.1689453125 0.025390625 0.033203125
4 0.4462890625 0.2001953125 0.033203125 0.0595703125
6 0.4970703125 0.2041015625 0.05078125 0.0966796875
6 0.4658203125 0.748046875 0.142578125 0.3740234375