0 0.341796875 0.361328125 0.12109375 0.1552734375
0 0.2001953125 0.2490234375 0.2099609375 0.1650390625
0 0.4521484375 0.501953125 0.1240234375 0.2041015625
0 0.4677734375 0.3525390625 0.138671875 0.1611328125
0 0.5869140625 0.419921875 0.09375 0.169921875
0 0.48046875 0.8837890625 0.2041015625 0.2314453125
0 0.443359375 0.12890625 0.1259765625 0.0869140625
0 0.5400390625 0.12109375 0.1298828125 0.0947265625
2 0.3212890625 0.3671875 0.03125 0.0244140625
2 0.44921875 0.51171875 0.0361328125 0.0205078125
3 0.8759765625 0.3681640625 0.0380859375 0.169921875
3 0.5439453125 0.3447265625 0.0400390625 0.1337890625
3 0.921875 0.32421875 0.029296875 0.1220703125
4 0.400390625 0.2314453125 0.0810546875 0.1259765625