0 0.552734375 0.6875 0.142578125 0.24609375
0 0.5107421875 0.876953125 0.16015625 0.24609375
0 0.7998046875 0.8525390625 0.212890625 0.294921875
0 0.744140625 0.611328125 0.130859375 0.21484375
0 0.6357421875 0.47265625 0.1083984375 0.1669921875
0 0.052734375 0.2001953125 0.0576171875 0.078125
0 0.029296875 0.166015625 0.0576171875 0.0908203125
2 0.1435546875 0.7548828125 0.0205078125 0.0244140625
2 0.212890625 0.666015625 0.0166015625 0.0205078125
2 0.3759765625 0.75 0.013671875 0.0224609375
2 0.515625 0.9599609375 0.05859375 0.03125
2 0.5537109375 0.7275390625 0.0380859375 0.0185546875
2 0.62890625 0.484375 0.0341796875 0.0166015625
2 0.7490234375 0.6796875 0.0263671875 0.0224609375
2 0.822265625 0.9189453125 0.05078125 0.033203125
3 0.224609375 0.6318359375 0.056640625 0.21875
3 0.8037109375 0.375 0.0361328125 0.109375
4 0.3427734375 0.6806640625 0.1142578125 0.279296875
4 0.1103515625 0.6875 0.1220703125 0.2724609375
4 0.6484375 0.2041015625 0.0634765625 0.0888671875