0 0.3291015625 0.37109375 0.1103515625 0.1650390625
0 0.0537109375 0.2578125 0.1064453125 0.1484375
0 0.4560546875 0.3505859375 0.1220703125 0.146484375
0 0.4521484375 0.4931640625 0.123046875 0.205078125
0 0.5830078125 0.419921875 0.0947265625 0.1650390625
0 0.419921875 0.1240234375 0.1005859375 0.0703125
0 0.39453125 0.2314453125 0.125 0.1337890625
2 0.318359375 0.380859375 0.0302734375 0.0205078125
2 0.4462890625 0.51171875 0.0322265625 0.0205078125
3 0.88671875 0.388671875 0.048828125 0.1591796875
3 0.9287109375 0.326171875 0.033203125 0.140625
4 0.474609375 0.1982421875 0.056640625 0.103515625
4 0.857421875 0.15625 0.0771484375 0.109375