0 0.3798828125 0.7236328125 0.1357421875 0.2373046875
0 0.30859375 0.2587890625 0.10546875 0.0908203125
1 0.3837890625 0.7734375 0.0380859375 0.0126953125
2 0.2138671875 0.6611328125 0.01171875 0.0146484375
3 0.1669921875 0.3193359375 0.064453125 0.109375
3 0.1708984375 0.365234375 0.025390625 0.111328125
3 0.4814453125 0.2197265625 0.025390625 0.064453125
3 0.5048828125 0.1884765625 0.0146484375 0.0517578125
4 0.185546875 0.607421875 0.0849609375 0.2373046875
4 0.48046875 0.16015625 0.021484375 0.0537109375
5 0.318359375 0.13671875 0.140625 0.107421875
5 0.654296875 0.2119140625 0.07421875 0.1279296875