0 0.3154296875 0.8486328125 0.1337890625 0.20703125
0 0.4453125 0.8203125 0.134765625 0.2294921875
0 0.513671875 0.9599609375 0.154296875 0.080078125
0 0.6357421875 0.6259765625 0.1044921875 0.1552734375
0 0.5029296875 0.2841796875 0.029296875 0.04296875
0 0.4853515625 0.2685546875 0.0185546875 0.029296875
0 0.4599609375 0.2294921875 0.0146484375 0.029296875
0 0.50390625 0.22265625 0.015625 0.033203125
0 0.7197265625 0.4140625 0.1044921875 0.0908203125
0 0.767578125 0.44921875 0.125 0.0869140625
2 0.0712890625 0.9443359375 0.01953125 0.0185546875
2 0.3095703125 0.8984375 0.041015625 0.0263671875
2 0.4326171875 0.8974609375 0.0400390625 0.0205078125
2 0.6455078125 0.642578125 0.02734375 0.0185546875
2 0.7568359375 0.951171875 0.015625 0.0205078125
3 0.076171875 0.892578125 0.0380859375 0.2041015625
3 0.2626953125 0.6591796875 0.0537109375 0.14453125
3 0.3720703125 0.638671875 0.060546875 0.1552734375
3 0.607421875 0.50390625 0.048828125 0.0927734375
3 0.453125 0.24609375 0.0126953125 0.0263671875
3 0.46875 0.25 0.0087890625 0.0263671875
4 0.216796875 0.748046875 0.099609375 0.177734375
4 0.5791015625 0.6962890625 0.0732421875 0.2041015625
4 0.6572265625 0.9052734375 0.125 0.1884765625
5 0.5263671875 0.4208984375 0.2939453125 0.2236328125
6 0.1728515625 0.875 0.1494140625 0.25
6 0.7431640625 0.8271484375 0.1494140625 0.3349609375