0 0.2275390625 0.6533203125 0.14453125 0.2041015625
0 0.3583984375 0.669921875 0.1044921875 0.2646484375
0 0.37890625 0.5068359375 0.0966796875 0.146484375
0 0.5380859375 0.474609375 0.0849609375 0.109375
0 0.6435546875 0.455078125 0.0927734375 0.1298828125
0 0.603515625 0.62890625 0.0947265625 0.205078125
0 0.5751953125 0.9384765625 0.1923828125 0.1220703125
0 0.7626953125 0.8623046875 0.240234375 0.275390625
0 0.5673828125 0.2158203125 0.0615234375 0.0576171875
0 0.63671875 0.3017578125 0.07421875 0.0810546875
0 0.826171875 0.244140625 0.0673828125 0.0595703125
2 0.2060546875 0.669921875 0.037109375 0.0205078125
2 0.3564453125 0.7041015625 0.0361328125 0.0185546875
2 0.564453125 0.755859375 0.021484375 0.029296875
2 0.8125 0.966796875 0.0458984375 0.0224609375
3 0.6787109375 0.5673828125 0.03125 0.1904296875
3 0.8671875 0.7734375 0.0673828125 0.2275390625
3 0.3896484375 0.1669921875 0.009765625 0.0478515625
3 0.3505859375 0.16796875 0.0087890625 0.0537109375
3 0.8662109375 0.2490234375 0.021484375 0.068359375
4 0.7578125 0.634765625 0.10546875 0.1923828125
4 0.7314453125 0.3125 0.05078125 0.0966796875
4 0.7099609375 0.2587890625 0.03515625 0.07421875
4 0.357421875 0.126953125 0.0126953125 0.03125
4 0.83203125 0.1650390625 0.0244140625 0.044921875
5 0.955078125 0.21484375 0.0869140625 0.1259765625
5 0.865234375 0.15234375 0.052734375 0.064453125
6 0.51171875 0.7001953125 0.1435546875 0.35546875