0 0.3193359375 0.8486328125 0.13671875 0.21875
0 0.4423828125 0.8203125 0.134765625 0.2255859375
0 0.509765625 0.9599609375 0.16015625 0.080078125
0 0.63671875 0.6298828125 0.1064453125 0.1552734375
0 0.2509765625 0.439453125 0.09765625 0.068359375
0 0.525390625 0.4560546875 0.1259765625 0.0908203125
0 0.5830078125 0.4228515625 0.0869140625 0.0869140625
0 0.5126953125 0.3115234375 0.041015625 0.0595703125
0 0.4931640625 0.294921875 0.0283203125 0.0478515625
0 0.458984375 0.2431640625 0.0224609375 0.03515625
0 0.50390625 0.23828125 0.015625 0.03515625
2 0.0712890625 0.943359375 0.01171875 0.0166015625
2 0.3095703125 0.900390625 0.041015625 0.0224609375
2 0.4326171875 0.8955078125 0.033203125 0.0244140625
2 0.6044921875 0.748046875 0.01171875 0.0146484375
2 0.646484375 0.6435546875 0.02734375 0.0205078125
2 0.7548828125 0.951171875 0.0146484375 0.0166015625
3 0.083984375 0.8974609375 0.0361328125 0.205078125
3 0.3681640625 0.63671875 0.0458984375 0.14453125
3 0.2646484375 0.662109375 0.0517578125 0.150390625
3 0.611328125 0.5009765625 0.0380859375 0.0908203125
3 0.44140625 0.263671875 0.0087890625 0.0390625
3 0.4677734375 0.265625 0.009765625 0.03515625
3 0.71484375 0.501953125 0.03125 0.0966796875
4 0.2138671875 0.75 0.0986328125 0.173828125
4 0.583984375 0.701171875 0.0732421875 0.208984375
4 0.65625 0.9033203125 0.125 0.1923828125
4 0.27734375 0.462890625 0.0869140625 0.0966796875
4 0.4052734375 0.4775390625 0.0908203125 0.107421875
5 0.7607421875 0.419921875 0.1318359375 0.205078125
6 0.1689453125 0.876953125 0.142578125 0.24609375
6 0.74609375 0.818359375 0.150390625 0.314453125