0 0.333984375 0.78515625 0.1240234375 0.322265625
0 0.4970703125 0.765625 0.130859375 0.2607421875
0 0.6123046875 0.5458984375 0.1181640625 0.1591796875
1 0.3349609375 0.8486328125 0.0458984375 0.0224609375
3 0.333984375 0.501953125 0.033203125 0.14453125
3 0.404296875 0.515625 0.0380859375 0.1572265625
3 0.45703125 0.490234375 0.044921875 0.1533203125
3 0.5068359375 0.498046875 0.037109375 0.14453125
4 0.755859375 0.6474609375 0.099609375 0.2421875
4 0.1708984375 0.796875 0.1162109375 0.291015625
4 0.478515625 0.8779296875 0.1142578125 0.244140625
4 0.37890625 0.1748046875 0.0263671875 0.0498046875
6 0.8955078125 0.2646484375 0.2080078125 0.173828125
6 0.9287109375 0.146484375 0.0478515625 0.0888671875