0 0.5517578125 0.6943359375 0.142578125 0.2666015625
0 0.5126953125 0.8876953125 0.1669921875 0.2236328125
0 0.7978515625 0.8515625 0.2119140625 0.2958984375
0 0.744140625 0.6123046875 0.130859375 0.220703125
0 0.6376953125 0.46875 0.1064453125 0.1630859375
0 0.0361328125 0.20703125 0.0693359375 0.0927734375
0 0.287109375 0.232421875 0.12109375 0.0947265625
0 0.099609375 0.1494140625 0.0458984375 0.0615234375
0 0.4541015625 0.05859375 0.017578125 0.03515625
2 0.1953125 0.7021484375 0.015625 0.0146484375
2 0.3759765625 0.75 0.0146484375 0.0146484375
2 0.5546875 0.73046875 0.041015625 0.02734375
2 0.5185546875 0.9853515625 0.0537109375 0.029296875
2 0.8212890625 0.919921875 0.0537109375 0.0244140625
2 0.7587890625 0.677734375 0.0400390625 0.0185546875
2 0.6279296875 0.486328125 0.0322265625 0.0166015625
3 0.208984375 0.66796875 0.0537109375 0.2314453125
3 0.4169921875 0.44921875 0.0478515625 0.1650390625
3 0.75390625 0.353515625 0.0537109375 0.140625
3 0.8037109375 0.3798828125 0.0400390625 0.1181640625
4 0.341796875 0.677734375 0.10546875 0.2744140625
4 0.19140625 0.21875 0.0693359375 0.0966796875