0 0.279296875 0.51171875 0.1083984375 0.1689453125
0 0.3779296875 0.5283203125 0.0888671875 0.208984375
0 0.412109375 0.466796875 0.0830078125 0.1513671875
0 0.5283203125 0.8505859375 0.1708984375 0.279296875
0 0.568359375 0.521484375 0.076171875 0.17578125
0 0.5595703125 0.3818359375 0.0693359375 0.0966796875
0 0.666015625 0.6884765625 0.1591796875 0.2333984375
0 0.4794921875 0.2373046875 0.060546875 0.06640625
0 0.6884765625 0.3837890625 0.0986328125 0.109375
0 0.9736328125 0.2275390625 0.046875 0.0556640625
2 0.2607421875 0.521484375 0.0263671875 0.0126953125
2 0.3720703125 0.564453125 0.0283203125 0.0224609375
2 0.55078125 0.92578125 0.04296875 0.0185546875
2 0.6923828125 0.73828125 0.037109375 0.0244140625
3 0.1474609375 0.7451171875 0.0556640625 0.24609375
3 0.7412109375 0.6025390625 0.0419921875 0.1689453125
3 0.375 0.1513671875 0.0107421875 0.041015625
3 0.3427734375 0.158203125 0.013671875 0.0498046875
4 0.6767578125 0.5078125 0.080078125 0.1259765625
4 0.89453125 0.2685546875 0.052734375 0.0810546875
4 0.8818359375 0.2314453125 0.0517578125 0.0625
5 0.869140625 0.1513671875 0.0498046875 0.064453125
6 0.494140625 0.5751953125 0.107421875 0.287109375