0 0.583984375 0.484375 0.10546875 0.1650390625
0 0.765625 0.654296875 0.1455078125 0.2578125
0 0.6318359375 0.2197265625 0.1123046875 0.080078125
0 0.7177734375 0.1806640625 0.1181640625 0.080078125
0 0.80078125 0.1982421875 0.0791015625 0.07421875
0 0.9130859375 0.2255859375 0.1650390625 0.099609375
0 0.8896484375 0.1513671875 0.1044921875 0.0703125
0 0.7197265625 0.044921875 0.0341796875 0.041015625
0 0.7490234375 0.044921875 0.0361328125 0.037109375
2 0.583984375 0.5009765625 0.0283203125 0.0166015625
4 0.6865234375 0.5126953125 0.0419921875 0.173828125
4 0.5947265625 0.06640625 0.0205078125 0.0517578125
4 0.607421875 0.06640625 0.017578125 0.044921875
4 0.6201171875 0.0556640625 0.015625 0.037109375