0 0.3369140625 0.78515625 0.1279296875 0.3037109375
0 0.498046875 0.767578125 0.130859375 0.2685546875
0 0.6083984375 0.5478515625 0.111328125 0.1552734375
0 0.43359375 0.1650390625 0.03515625 0.044921875
0 0.4814453125 0.1767578125 0.04296875 0.0458984375
0 0.560546875 0.19921875 0.04296875 0.0576171875
1 0.333984375 0.84765625 0.0419921875 0.0205078125
3 0.333984375 0.5048828125 0.04296875 0.1279296875
3 0.4072265625 0.5009765625 0.037109375 0.150390625
3 0.4560546875 0.494140625 0.0419921875 0.1484375
3 0.5048828125 0.498046875 0.04296875 0.1484375
4 0.19140625 0.724609375 0.1103515625 0.2685546875
4 0.4814453125 0.87890625 0.119140625 0.2421875
4 0.796875 0.869140625 0.162109375 0.2607421875
4 0.751953125 0.634765625 0.1005859375 0.2109375
4 0.36328125 0.1630859375 0.01953125 0.044921875
6 0.3974609375 0.166015625 0.037109375 0.072265625
6 0.7392578125 0.2421875 0.1533203125 0.1513671875
6 0.9267578125 0.1494140625 0.0478515625 0.1015625