0 0.333984375 0.7890625 0.1240234375 0.3115234375
0 0.4990234375 0.765625 0.1298828125 0.2646484375
0 0.6123046875 0.5458984375 0.1181640625 0.1552734375
0 0.4755859375 0.185546875 0.0400390625 0.0556640625
0 0.365234375 0.1337890625 0.025390625 0.04296875
0 0.5380859375 0.193359375 0.0517578125 0.0537109375
1 0.3369140625 0.8486328125 0.044921875 0.0166015625
3 0.3369140625 0.4990234375 0.037109375 0.146484375
3 0.4033203125 0.521484375 0.037109375 0.146484375
3 0.4560546875 0.4921875 0.0400390625 0.1484375
3 0.5068359375 0.5029296875 0.046875 0.1533203125
3 0.5009765625 0.2060546875 0.0224609375 0.0498046875
4 0.486328125 0.8779296875 0.119140625 0.2412109375
4 0.1630859375 0.8134765625 0.1103515625 0.3017578125
4 0.75390625 0.6435546875 0.095703125 0.2314453125
4 0.3798828125 0.1748046875 0.0205078125 0.0458984375
4 0.775390625 0.259765625 0.0380859375 0.080078125
6 0.9091796875 0.2724609375 0.1787109375 0.1669921875
6 0.9267578125 0.1435546875 0.0517578125 0.0908203125
6 0.431640625 0.18359375 0.0556640625 0.0849609375