0 0.568359375 0.556640625 0.1416015625 0.1875
0 0.646484375 0.22265625 0.12109375 0.0927734375
0 0.5576171875 0.1650390625 0.0947265625 0.0703125
0 0.7705078125 0.1728515625 0.12890625 0.0830078125
0 0.677734375 0.0556640625 0.0263671875 0.041015625
0 0.6982421875 0.0380859375 0.029296875 0.03515625
0 0.7529296875 0.05078125 0.0458984375 0.0390625
2 0.5419921875 0.58203125 0.033203125 0.0166015625
4 0.5927734375 0.068359375 0.01953125 0.0478515625
4 0.6103515625 0.0673828125 0.013671875 0.0458984375
4 0.623046875 0.0615234375 0.0166015625 0.044921875