0 0.4541015625 0.4990234375 0.134765625 0.1982421875
0 0.3388671875 0.3642578125 0.125 0.150390625
0 0.4658203125 0.349609375 0.130859375 0.1513671875
0 0.587890625 0.423828125 0.103515625 0.173828125
0 0.482421875 0.9375 0.224609375 0.1181640625
0 0.2744140625 0.251953125 0.1845703125 0.1484375
0 0.365234375 0.123046875 0.12890625 0.0830078125
0 0.46484375 0.1240234375 0.1318359375 0.0966796875
2 0.3193359375 0.375 0.033203125 0.0205078125
2 0.447265625 0.513671875 0.0322265625 0.0166015625
2 0.5888671875 0.4609375 0.02734375 0.0146484375
3 0.875 0.375 0.03515625 0.1611328125
3 0.9267578125 0.3251953125 0.03515625 0.138671875
4 0.42578125 0.228515625 0.0712890625 0.1318359375