0 0.3203125 0.849609375 0.138671875 0.2109375
0 0.443359375 0.8134765625 0.1357421875 0.216796875
0 0.51171875 0.9599609375 0.1591796875 0.080078125
0 0.658203125 0.6904296875 0.109375 0.169921875
0 0.2822265625 0.4404296875 0.1201171875 0.0888671875
0 0.5478515625 0.4638671875 0.1494140625 0.0908203125
0 0.6904296875 0.4482421875 0.138671875 0.0849609375
0 0.544921875 0.337890625 0.0556640625 0.0615234375
0 0.4658203125 0.2802734375 0.02734375 0.04296875
0 0.5126953125 0.29296875 0.0302734375 0.0478515625
0 0.4970703125 0.2353515625 0.017578125 0.037109375
2 0.3095703125 0.9013671875 0.037109375 0.0224609375
2 0.43359375 0.8974609375 0.03515625 0.0205078125
2 0.755859375 0.9501953125 0.017578125 0.0146484375
3 0.080078125 0.892578125 0.03125 0.1923828125
3 0.2607421875 0.658203125 0.0537109375 0.142578125
3 0.3701171875 0.6376953125 0.0595703125 0.1572265625
3 0.2333984375 0.4697265625 0.0625 0.0908203125
3 0.4892578125 0.4833984375 0.0673828125 0.107421875
3 0.6025390625 0.544921875 0.033203125 0.099609375
3 0.4892578125 0.3125 0.0166015625 0.0576171875
3 0.529296875 0.3466796875 0.0185546875 0.0595703125
4 0.216796875 0.7666015625 0.08984375 0.1962890625
4 0.576171875 0.7412109375 0.0751953125 0.2109375
4 0.6572265625 0.904296875 0.123046875 0.1904296875
6 0.1708984375 0.875 0.146484375 0.25
6 0.7470703125 0.810546875 0.142578125 0.3125