0 0.2861328125 0.712890625 0.134765625 0.2373046875
0 0.654296875 0.87890625 0.193359375 0.2421875
0 0.6455078125 0.671875 0.140625 0.185546875
0 0.830078125 0.8349609375 0.154296875 0.2626953125
0 0.16796875 0.181640625 0.0732421875 0.0595703125
0 0.322265625 0.171875 0.0625 0.0556640625
0 0.3310546875 0.1455078125 0.037109375 0.0458984375
0 0.416015625 0.1943359375 0.0400390625 0.044921875
0 0.43359375 0.2109375 0.056640625 0.06640625
0 0.5078125 0.201171875 0.04296875 0.0576171875
0 0.494140625 0.1455078125 0.0361328125 0.03515625
0 0.4541015625 0.1533203125 0.021484375 0.033203125
0 0.50390625 0.1611328125 0.0322265625 0.033203125
0 0.5361328125 0.15625 0.033203125 0.0390625
0 0.6259765625 0.2255859375 0.0556640625 0.0517578125
1 0.68359375 0.9599609375 0.046875 0.0205078125
2 0.279296875 0.7490234375 0.041015625 0.0166015625
2 0.4658203125 0.8876953125 0.0224609375 0.02734375
2 0.6572265625 0.732421875 0.0380859375 0.0205078125
2 0.146484375 0.7783203125 0.01953125 0.0166015625
2 0.5498046875 0.7333984375 0.015625 0.0146484375
3 0.1552734375 0.7353515625 0.0537109375 0.22265625
3 0.2216796875 0.6162109375 0.060546875 0.1884765625
3 0.552734375 0.6806640625 0.0322265625 0.1904296875
3 0.732421875 0.6298828125 0.052734375 0.1669921875
3 0.96875 0.9208984375 0.0625 0.1533203125
3 0.2763671875 0.1875 0.0302734375 0.0556640625
3 0.3759765625 0.169921875 0.021484375 0.0478515625
3 0.4970703125 0.2109375 0.0224609375 0.0595703125
4 0.548828125 0.224609375 0.0478515625 0.072265625
4 0.47265625 0.19921875 0.0322265625 0.0615234375
6 0.4599609375 0.74609375 0.158203125 0.3701171875
6 0.658203125 0.240234375 0.0654296875 0.0869140625