0 0.357421875 0.3515625 0.1435546875 0.14453125
0 0.4794921875 0.337890625 0.1142578125 0.1572265625
0 0.439453125 0.4892578125 0.1025390625 0.181640625
0 0.482421875 0.6552734375 0.1552734375 0.22265625
0 0.583984375 0.421875 0.099609375 0.169921875
0 0.396484375 0.1357421875 0.1298828125 0.0947265625
0 0.4580078125 0.099609375 0.0673828125 0.0703125
0 0.9091796875 0.169921875 0.1494140625 0.0810546875
2 0.3271484375 0.3525390625 0.0302734375 0.0205078125
2 0.4482421875 0.5146484375 0.0400390625 0.0146484375
2 0.48046875 0.6875 0.0458984375 0.0166015625
3 0.8701171875 0.330078125 0.0302734375 0.1484375
3 0.9267578125 0.3193359375 0.029296875 0.1318359375
4 0.1162109375 0.2578125 0.107421875 0.13671875