0 0.283203125 0.7158203125 0.1279296875 0.2392578125
0 0.6435546875 0.671875 0.1376953125 0.185546875
0 0.65625 0.87890625 0.19140625 0.2421875
0 0.833984375 0.830078125 0.1552734375 0.255859375
0 0.1669921875 0.181640625 0.0732421875 0.0595703125
0 0.201171875 0.166015625 0.0673828125 0.0498046875
0 0.35546875 0.1728515625 0.0576171875 0.0537109375
0 0.3271484375 0.1484375 0.03125 0.0517578125
0 0.412109375 0.203125 0.044921875 0.0615234375
0 0.666015625 0.2353515625 0.056640625 0.0556640625
0 0.513671875 0.1650390625 0.0341796875 0.044921875
0 0.46875 0.1474609375 0.029296875 0.03125
1 0.6826171875 0.958984375 0.0537109375 0.0263671875
2 0.654296875 0.7314453125 0.0400390625 0.0224609375
2 0.46484375 0.888671875 0.021484375 0.033203125
2 0.28125 0.751953125 0.0439453125 0.0185546875
2 0.1162109375 0.9169921875 0.0205078125 0.0224609375
2 0.1689453125 0.7119140625 0.017578125 0.0205078125
2 0.548828125 0.73046875 0.0146484375 0.0244140625
3 0.1162109375 0.8603515625 0.072265625 0.2685546875
3 0.181640625 0.6767578125 0.0517578125 0.208984375
3 0.3173828125 0.5625 0.0849609375 0.146484375
3 0.552734375 0.689453125 0.0322265625 0.208984375
3 0.736328125 0.6318359375 0.0576171875 0.169921875
3 0.962890625 0.9208984375 0.0595703125 0.1572265625
4 0.4951171875 0.2158203125 0.04296875 0.068359375
4 0.4560546875 0.1943359375 0.029296875 0.0625
6 0.5849609375 0.2197265625 0.0771484375 0.0986328125
6 0.4677734375 0.7490234375 0.142578125 0.3837890625