0 0.5498046875 0.6865234375 0.134765625 0.25
0 0.138671875 0.232421875 0.1279296875 0.0908203125
0 0.033203125 0.154296875 0.05859375 0.072265625
0 0.0458984375 0.2001953125 0.0439453125 0.078125
0 0.1025390625 0.1513671875 0.05078125 0.0576171875
0 0.134765625 0.13671875 0.0419921875 0.0556640625
0 0.51171875 0.8779296875 0.16015625 0.244140625
0 0.7978515625 0.8525390625 0.2099609375 0.294921875
0 0.7421875 0.6083984375 0.1298828125 0.220703125
0 0.63671875 0.470703125 0.107421875 0.169921875
0 0.4560546875 0.0546875 0.0205078125 0.03125
2 0.2119140625 0.66796875 0.0146484375 0.0166015625
2 0.3740234375 0.751953125 0.015625 0.0185546875
2 0.5166015625 0.958984375 0.060546875 0.033203125
2 0.55078125 0.7294921875 0.0419921875 0.0224609375
2 0.62890625 0.4833984375 0.041015625 0.0185546875
2 0.7607421875 0.677734375 0.0380859375 0.0224609375
2 0.8232421875 0.919921875 0.056640625 0.03125
3 0.22265625 0.6337890625 0.052734375 0.22265625
3 0.5380859375 0.3916015625 0.0517578125 0.146484375
3 0.8017578125 0.376953125 0.0400390625 0.10546875
4 0.0849609375 0.2119140625 0.0751953125 0.0869140625
4 0.34375 0.6767578125 0.1064453125 0.283203125
4 0.9794921875 0.134765625 0.0361328125 0.0703125