0 0.15234375 0.8271484375 0.208984375 0.2685546875
0 0.349609375 0.83203125 0.134765625 0.3349609375
0 0.34375 0.6064453125 0.126953125 0.17578125
0 0.576171875 0.578125 0.12890625 0.140625
0 0.64453125 0.7158203125 0.1357421875 0.2578125
0 0.6650390625 0.53515625 0.1162109375 0.1591796875
0 0.517578125 0.35546875 0.078125 0.107421875
0 0.6845703125 0.263671875 0.0712890625 0.076171875
0 0.6806640625 0.2021484375 0.060546875 0.0556640625
0 0.828125 0.3046875 0.0751953125 0.064453125
0 0.8544921875 0.935546875 0.279296875 0.12890625
2 0.1181640625 0.87109375 0.04296875 0.0244140625
2 0.349609375 0.904296875 0.048828125 0.0244140625
2 0.6123046875 0.93359375 0.0283203125 0.037109375
2 0.7353515625 0.642578125 0.056640625 0.22265625
2 0.404296875 0.189453125 0.015625 0.0537109375
2 0.3583984375 0.17578125 0.013671875 0.0478515625
4 0.8310546875 0.7470703125 0.13671875 0.25
4 0.5830078125 0.3828125 0.060546875 0.1318359375
4 0.5830078125 0.2880859375 0.05859375 0.0908203125
4 0.3603515625 0.1337890625 0.0166015625 0.041015625
5 0.845703125 0.2236328125 0.1845703125 0.14453125
5 0.8662109375 0.140625 0.048828125 0.0517578125
6 0.55078125 0.814453125 0.1826171875 0.36328125