0 0.373046875 0.337890625 0.1376953125 0.146484375
0 0.513671875 0.3203125 0.119140625 0.1552734375
0 0.453125 0.4873046875 0.1337890625 0.185546875
0 0.5830078125 0.42578125 0.09765625 0.169921875
0 0.484375 0.630859375 0.1435546875 0.2353515625
0 0.4921875 0.1513671875 0.115234375 0.0810546875
0 0.59765625 0.14453125 0.1337890625 0.0849609375
0 0.6162109375 0.1005859375 0.0908203125 0.064453125
0 0.865234375 0.0849609375 0.076171875 0.06640625
2 0.341796875 0.34375 0.02734375 0.0205078125
2 0.4814453125 0.642578125 0.0439453125 0.0263671875
3 0.8701171875 0.3115234375 0.0283203125 0.1513671875
3 0.9326171875 0.3125 0.041015625 0.146484375