0 0.287109375 0.7197265625 0.1416015625 0.24609375
0 0.642578125 0.6708984375 0.1318359375 0.18359375
0 0.654296875 0.8779296875 0.19140625 0.244140625
0 0.8291015625 0.822265625 0.1513671875 0.244140625
0 0.5205078125 0.3427734375 0.1708984375 0.099609375
0 0.169921875 0.181640625 0.0712890625 0.0595703125
0 0.2822265625 0.1689453125 0.0654296875 0.0517578125
0 0.330078125 0.1484375 0.0361328125 0.0517578125
0 0.384765625 0.1708984375 0.0380859375 0.0576171875
0 0.4033203125 0.1953125 0.0361328125 0.0576171875
0 0.4833984375 0.18359375 0.0302734375 0.0556640625
0 0.6181640625 0.251953125 0.0966796875 0.0625
0 0.6064453125 0.2158203125 0.078125 0.0498046875
0 0.494140625 0.1396484375 0.03125 0.03515625
1 0.68359375 0.9619140625 0.0576171875 0.0205078125
2 0.6572265625 0.7294921875 0.0400390625 0.0224609375
2 0.46484375 0.888671875 0.0244140625 0.037109375
2 0.2802734375 0.75 0.0439453125 0.0224609375
3 0.1123046875 0.7353515625 0.0625 0.2255859375
3 0.251953125 0.6103515625 0.0654296875 0.1650390625
3 0.4541015625 0.5068359375 0.0673828125 0.1201171875
3 0.5517578125 0.6806640625 0.0341796875 0.1982421875
3 0.732421875 0.6328125 0.0576171875 0.171875
3 0.9697265625 0.9189453125 0.060546875 0.134765625
4 0.4482421875 0.173828125 0.025390625 0.041015625
4 0.451171875 0.2060546875 0.03515625 0.064453125
6 0.5107421875 0.2080078125 0.0673828125 0.0947265625
6 0.466796875 0.7470703125 0.1376953125 0.3759765625