0 0.107421875 0.2294921875 0.1318359375 0.0927734375
0 0.029296875 0.15625 0.0498046875 0.064453125
0 0.103515625 0.1474609375 0.0439453125 0.0615234375
0 0.1357421875 0.1396484375 0.0380859375 0.0576171875
0 0.5517578125 0.6884765625 0.138671875 0.255859375
0 0.45703125 0.0537109375 0.015625 0.033203125
0 0.6337890625 0.470703125 0.1064453125 0.1630859375
0 0.744140625 0.6123046875 0.12890625 0.212890625
0 0.509765625 0.87890625 0.16015625 0.2421875
0 0.794921875 0.8505859375 0.2041015625 0.2978515625
2 0.2119140625 0.662109375 0.0126953125 0.0205078125
2 0.376953125 0.75 0.013671875 0.0224609375
2 0.517578125 0.951171875 0.0595703125 0.02734375
2 0.552734375 0.7255859375 0.041015625 0.0185546875
2 0.626953125 0.4833984375 0.033203125 0.0185546875
2 0.751953125 0.673828125 0.01953125 0.0107421875
2 0.8212890625 0.919921875 0.056640625 0.03125
3 0.2255859375 0.630859375 0.052734375 0.2236328125
3 0.57421875 0.384765625 0.05859375 0.140625
3 0.8017578125 0.3818359375 0.03515625 0.115234375
4 0.970703125 0.1416015625 0.03515625 0.076171875
4 0.0556640625 0.205078125 0.0751953125 0.0849609375
4 0.3408203125 0.6728515625 0.1103515625 0.279296875