0 0.3212890625 0.853515625 0.134765625 0.21484375
0 0.4443359375 0.814453125 0.134765625 0.21875
0 0.509765625 0.95703125 0.1650390625 0.0849609375
0 0.3154296875 0.4609375 0.1103515625 0.0927734375
0 0.33203125 0.4208984375 0.095703125 0.0830078125
0 0.634765625 0.6298828125 0.1005859375 0.1484375
0 0.50390625 0.2939453125 0.0283203125 0.0576171875
0 0.486328125 0.2763671875 0.025390625 0.04296875
0 0.5048828125 0.2294921875 0.0185546875 0.033203125
0 0.4599609375 0.2353515625 0.021484375 0.041015625
2 0.0712890625 0.943359375 0.017578125 0.0166015625
2 0.3076171875 0.8994140625 0.0361328125 0.0244140625
2 0.4326171875 0.896484375 0.0400390625 0.0185546875
2 0.64453125 0.64453125 0.029296875 0.0146484375
2 0.755859375 0.955078125 0.0166015625 0.0166015625
3 0.0771484375 0.89453125 0.0400390625 0.2109375
3 0.3701171875 0.6376953125 0.060546875 0.146484375
3 0.26171875 0.662109375 0.0498046875 0.150390625
3 0.607421875 0.5068359375 0.0498046875 0.0986328125
3 0.4443359375 0.2578125 0.01171875 0.041015625
3 0.4697265625 0.2548828125 0.009765625 0.03125
4 0.21484375 0.759765625 0.09375 0.1943359375
4 0.5791015625 0.6923828125 0.080078125 0.2041015625
4 0.6591796875 0.9052734375 0.12890625 0.1884765625
4 0.232421875 0.4853515625 0.0693359375 0.111328125
5 0.6728515625 0.4208984375 0.2900390625 0.2236328125
6 0.1708984375 0.873046875 0.150390625 0.25390625
6 0.740234375 0.8212890625 0.150390625 0.328125