0 0.5751953125 0.451171875 0.1005859375 0.1572265625
0 0.7646484375 0.5869140625 0.140625 0.21875
0 0.58203125 0.2119140625 0.103515625 0.076171875
0 0.7080078125 0.1953125 0.083984375 0.080078125
0 0.7744140625 0.216796875 0.126953125 0.0927734375
0 0.84765625 0.173828125 0.126953125 0.0810546875
0 0.9482421875 0.201171875 0.103515625 0.078125
0 0.712890625 0.037109375 0.021484375 0.041015625
0 0.732421875 0.044921875 0.041015625 0.041015625
2 0.5869140625 0.46875 0.033203125 0.0185546875
3 0.689453125 0.4775390625 0.0439453125 0.1669921875
4 0.5947265625 0.0703125 0.0205078125 0.044921875
4 0.60546875 0.064453125 0.0205078125 0.044921875
4 0.6220703125 0.0537109375 0.0205078125 0.044921875