0 0.3349609375 0.7822265625 0.1279296875 0.3056640625
6 0.4990234375 0.7685546875 0.1279296875 0.2705078125
6 0.6103515625 0.548828125 0.115234375 0.1572265625
6 0.4541015625 0.1728515625 0.033203125 0.0537109375
6 0.5068359375 0.1875 0.0498046875 0.0478515625
1 0.333984375 0.849609375 0.0458984375 0.0224609375
3 0.3349609375 0.5078125 0.03125 0.14453125
3 0.4091796875 0.509765625 0.037109375 0.1533203125
3 0.455078125 0.494140625 0.0419921875 0.1484375
3 0.5068359375 0.4970703125 0.044921875 0.146484375
4 0.751953125 0.64453125 0.107421875 0.2255859375
4 0.1767578125 0.763671875 0.11328125 0.2763671875
4 0.4853515625 0.87890625 0.1181640625 0.2421875
4 0.3701171875 0.1689453125 0.0283203125 0.0556640625
6 0.8408203125 0.2568359375 0.158203125 0.1689453125
6 0.416015625 0.173828125 0.0498046875 0.0810546875
6 0.9287109375 0.1513671875 0.046875 0.0986328125