0 0.2412109375 0.7880859375 0.2099609375 0.279296875
0 0.4111328125 0.8515625 0.2001953125 0.28515625
0 0.66015625 0.8125 0.1748046875 0.283203125
0 0.8828125 0.912109375 0.2158203125 0.17578125
0 0.853515625 0.7138671875 0.16015625 0.2275390625
0 0.4599609375 0.6533203125 0.126953125 0.185546875
0 0.337890625 0.6044921875 0.16796875 0.2236328125
0 0.697265625 0.6279296875 0.1279296875 0.21875
0 0.7978515625 0.263671875 0.1728515625 0.1240234375
0 0.5400390625 0.267578125 0.125 0.0908203125
0 0.5791015625 0.193359375 0.1005859375 0.064453125
0 0.7412109375 0.2099609375 0.0634765625 0.0869140625
0 0.736328125 0.1552734375 0.083984375 0.078125
0 0.6904296875 0.046875 0.0263671875 0.04296875
1 0.384765625 0.93359375 0.0478515625 0.0263671875
1 0.640625 0.8759765625 0.0439453125 0.0224609375
1 0.8642578125 0.7802734375 0.0498046875 0.02734375
2 0.3037109375 0.630859375 0.0341796875 0.0205078125
3 0.22265625 0.8896484375 0.087890625 0.220703125
3 0.5654296875 0.5908203125 0.05859375 0.1923828125
3 0.6162109375 0.5322265625 0.06640625 0.1875
3 0.8115234375 0.5048828125 0.052734375 0.1796875
3 0.78515625 0.4560546875 0.0400390625 0.150390625
3 0.685546875 0.181640625 0.037109375 0.0703125
4 0.609375 0.064453125 0.0185546875 0.0478515625
4 0.623046875 0.0576171875 0.0185546875 0.0478515625
4 0.626953125 0.0537109375 0.0185546875 0.0478515625
5 0.544921875 0.1513671875 0.1708984375 0.138671875