0 0.3173828125 0.84765625 0.130859375 0.220703125
0 0.4443359375 0.8154296875 0.1240234375 0.2275390625
0 0.5087890625 0.9609375 0.1611328125 0.078125
0 0.6689453125 0.7109375 0.1103515625 0.173828125
0 0.3017578125 0.4736328125 0.0712890625 0.0830078125
0 0.3173828125 0.451171875 0.0966796875 0.0830078125
0 0.4892578125 0.4287109375 0.1142578125 0.0908203125
0 0.603515625 0.3486328125 0.068359375 0.0537109375
0 0.5205078125 0.310546875 0.0283203125 0.0537109375
0 0.47265625 0.2958984375 0.0361328125 0.0517578125
0 0.4619140625 0.2744140625 0.0283203125 0.041015625
0 0.498046875 0.24609375 0.021484375 0.033203125
2 0.0693359375 0.9423828125 0.017578125 0.0185546875
2 0.30859375 0.900390625 0.03515625 0.0146484375
2 0.4306640625 0.8955078125 0.03515625 0.0244140625
2 0.7529296875 0.951171875 0.0107421875 0.0205078125
3 0.078125 0.8896484375 0.0419921875 0.1943359375
3 0.365234375 0.6396484375 0.052734375 0.150390625
3 0.5986328125 0.5458984375 0.037109375 0.099609375
3 0.6103515625 0.50390625 0.037109375 0.107421875
3 0.6865234375 0.4814453125 0.0732421875 0.0927734375
3 0.515625 0.3291015625 0.0205078125 0.0537109375
3 0.3828125 0.4560546875 0.0595703125 0.0908203125
3 0.45703125 0.4609375 0.0615234375 0.099609375
4 0.2138671875 0.75390625 0.09765625 0.181640625
4 0.578125 0.765625 0.0810546875 0.2236328125
4 0.666015625 0.904296875 0.12109375 0.1904296875
4 0.24609375 0.48828125 0.0927734375 0.109375
6 0.169921875 0.8720703125 0.146484375 0.255859375
6 0.751953125 0.8232421875 0.146484375 0.3310546875