0 0.2861328125 0.7158203125 0.134765625 0.2392578125
0 0.6513671875 0.87890625 0.1904296875 0.2421875
0 0.64453125 0.677734375 0.13671875 0.1962890625
0 0.826171875 0.8349609375 0.1572265625 0.2666015625
0 0.2509765625 0.328125 0.1884765625 0.107421875
0 0.62890625 0.3427734375 0.1220703125 0.111328125
0 0.548828125 0.236328125 0.078125 0.072265625
0 0.16796875 0.1796875 0.07421875 0.0595703125
0 0.333984375 0.1708984375 0.0595703125 0.0498046875
0 0.5546875 0.21484375 0.0693359375 0.0595703125
0 0.3310546875 0.1376953125 0.0322265625 0.03125
0 0.4013671875 0.1875 0.0283203125 0.0595703125
0 0.53515625 0.154296875 0.0283203125 0.03515625
0 0.513671875 0.1357421875 0.0283203125 0.03125
1 0.68359375 0.9580078125 0.0517578125 0.0244140625
2 0.2802734375 0.7509765625 0.041015625 0.0166015625
2 0.4658203125 0.88671875 0.0224609375 0.029296875
2 0.6552734375 0.7294921875 0.041015625 0.0224609375
3 0.1337890625 0.658203125 0.0615234375 0.2021484375
3 0.40625 0.5771484375 0.08984375 0.1650390625
3 0.5380859375 0.482421875 0.0439453125 0.146484375
3 0.552734375 0.6826171875 0.0341796875 0.1943359375
3 0.732421875 0.6298828125 0.0576171875 0.1630859375
3 0.6201171875 0.232421875 0.0361328125 0.064453125
3 0.6728515625 0.2431640625 0.03515625 0.0615234375
4 0.4384765625 0.1953125 0.025390625 0.0576171875
6 0.4658203125 0.7490234375 0.140625 0.3837890625
6 0.470703125 0.1943359375 0.0478515625 0.099609375