0 0.33984375 0.7861328125 0.12890625 0.3203125
0 0.4990234375 0.7646484375 0.1279296875 0.2626953125
0 0.61328125 0.544921875 0.115234375 0.1552734375
0 0.5224609375 0.193359375 0.05078125 0.0537109375
0 0.595703125 0.205078125 0.05859375 0.0576171875
0 0.365234375 0.1376953125 0.0302734375 0.0390625
0 0.44140625 0.15625 0.0263671875 0.0458984375
0 0.876953125 0.173828125 0.03125 0.044921875
1 0.333984375 0.849609375 0.0439453125 0.0146484375
3 0.1123046875 0.7392578125 0.056640625 0.1962890625
3 0.3330078125 0.501953125 0.0361328125 0.1484375
3 0.376953125 0.544921875 0.05078125 0.1572265625
3 0.458984375 0.5078125 0.0361328125 0.14453125
3 0.505859375 0.5009765625 0.0458984375 0.150390625
3 0.6201171875 0.6015625 0.0517578125 0.169921875
3 0.6142578125 0.3583984375 0.05859375 0.11328125
4 0.48828125 0.89453125 0.1279296875 0.2109375
4 0.13671875 0.89453125 0.1279296875 0.2109375
4 0.751953125 0.6416015625 0.1064453125 0.220703125
4 0.4072265625 0.1806640625 0.0283203125 0.0576171875
4 0.9052734375 0.2919921875 0.068359375 0.0986328125
6 0.927734375 0.154296875 0.046875 0.1015625
6 0.46875 0.1982421875 0.0517578125 0.0810546875