0 0.55078125 0.69140625 0.13671875 0.2646484375
0 0.5107421875 0.87890625 0.166015625 0.2421875
0 0.634765625 0.4697265625 0.10546875 0.1689453125
0 0.744140625 0.61328125 0.1298828125 0.22265625
0 0.794921875 0.853515625 0.208984375 0.29296875
0 0.0537109375 0.1953125 0.0556640625 0.0908203125
0 0.4599609375 0.0517578125 0.017578125 0.0263671875
0 0.029296875 0.1552734375 0.0517578125 0.06640625
2 0.212890625 0.6689453125 0.01171875 0.0185546875
2 0.3759765625 0.751953125 0.0166015625 0.0224609375
2 0.515625 0.9580078125 0.0625 0.02734375
2 0.5537109375 0.73046875 0.0400390625 0.0166015625
2 0.62890625 0.482421875 0.0341796875 0.0166015625
2 0.759765625 0.6787109375 0.0400390625 0.0205078125
2 0.822265625 0.919921875 0.05078125 0.03125
3 0.2255859375 0.630859375 0.060546875 0.2236328125
3 0.7470703125 0.3447265625 0.0615234375 0.1298828125
3 0.8017578125 0.3759765625 0.0361328125 0.107421875
4 0.0732421875 0.857421875 0.1396484375 0.28515625
4 0.341796875 0.6845703125 0.109375 0.25390625
4 0.9111328125 0.16015625 0.0478515625 0.072265625