0 0.28515625 0.71875 0.1396484375 0.251953125
0 0.6533203125 0.87890625 0.1962890625 0.2421875
0 0.6484375 0.6796875 0.14453125 0.2001953125
0 0.8310546875 0.830078125 0.15234375 0.2626953125
0 0.2236328125 0.3232421875 0.15234375 0.1162109375
0 0.1669921875 0.185546875 0.076171875 0.0595703125
0 0.4765625 0.21875 0.0673828125 0.0625
0 0.58203125 0.2236328125 0.0693359375 0.0517578125
0 0.3642578125 0.1728515625 0.0556640625 0.0498046875
0 0.3271484375 0.1513671875 0.03515625 0.0576171875
0 0.50390625 0.1953125 0.044921875 0.0576171875
1 0.6826171875 0.9599609375 0.05078125 0.02734375
2 0.65625 0.73046875 0.0400390625 0.0205078125
2 0.2802734375 0.751953125 0.0400390625 0.0185546875
2 0.46484375 0.8896484375 0.0244140625 0.03515625
2 0.15625 0.6337890625 0.0166015625 0.0166015625
3 0.169921875 0.5986328125 0.0634765625 0.1904296875
3 0.5537109375 0.6865234375 0.0322265625 0.1982421875
3 0.736328125 0.63671875 0.0634765625 0.1884765625
3 0.583984375 0.439453125 0.0302734375 0.134765625
3 0.5380859375 0.2236328125 0.03125 0.0615234375
3 0.6318359375 0.236328125 0.037109375 0.068359375
4 0.4765625 0.166015625 0.0283203125 0.0498046875
6 0.427734375 0.181640625 0.0400390625 0.0927734375
6 0.466796875 0.75 0.140625 0.3779296875