0 0.283203125 0.4951171875 0.1064453125 0.1533203125
0 0.373046875 0.5263671875 0.080078125 0.1982421875
0 0.4150390625 0.455078125 0.08984375 0.142578125
0 0.525390625 0.8408203125 0.1708984375 0.2890625
0 0.65625 0.6796875 0.162109375 0.2412109375
0 0.5673828125 0.5087890625 0.068359375 0.1689453125
0 0.568359375 0.3759765625 0.0771484375 0.099609375
0 0.69140625 0.3759765625 0.0810546875 0.107421875
0 0.4716796875 0.2451171875 0.0634765625 0.080078125
0 0.787109375 0.2724609375 0.06640625 0.0927734375
2 0.2666015625 0.505859375 0.0244140625 0.0107421875
2 0.529296875 0.6123046875 0.0185546875 0.0166015625
2 0.5458984375 0.9033203125 0.0498046875 0.029296875
2 0.68359375 0.7158203125 0.0419921875 0.0244140625
3 0.146484375 0.7197265625 0.0400390625 0.2314453125
3 0.734375 0.599609375 0.0458984375 0.177734375
3 0.375 0.150390625 0.0126953125 0.037109375
4 0.6708984375 0.4951171875 0.0732421875 0.1318359375
4 0.9111328125 0.2646484375 0.052734375 0.0810546875
4 0.90234375 0.232421875 0.044921875 0.064453125
5 0.8662109375 0.1484375 0.056640625 0.07421875
6 0.4951171875 0.5673828125 0.1044921875 0.291015625