3 0.349609375 0.3525390625 0.126953125 0.1533203125
3 0.4853515625 0.708984375 0.1669921875 0.2587890625
3 0.4501953125 0.4912109375 0.1240234375 0.1904296875
3 0.4755859375 0.33984375 0.130859375 0.142578125
3 0.587890625 0.423828125 0.08984375 0.173828125
3 0.361328125 0.09375 0.0966796875 0.0615234375
3 0.537109375 0.0947265625 0.0732421875 0.0595703125
2 0.322265625 0.357421875 0.0322265625 0.0185546875
2 0.447265625 0.5126953125 0.033203125 0.0146484375
2 0.482421875 0.7490234375 0.0498046875 0.0244140625
3 0.8701171875 0.330078125 0.037109375 0.150390625
3 0.92578125 0.318359375 0.03125 0.13671875
4 0.2314453125 0.2529296875 0.1240234375 0.134765625