0 0.568359375 0.5615234375 0.1396484375 0.1923828125
0 0.521484375 0.1826171875 0.1005859375 0.072265625
0 0.5966796875 0.2138671875 0.1181640625 0.0830078125
0 0.66015625 0.1669921875 0.0986328125 0.0927734375
0 0.7607421875 0.18359375 0.11328125 0.0703125
0 0.77734375 0.2265625 0.1318359375 0.1015625
0 0.8779296875 0.1728515625 0.126953125 0.080078125
0 0.68359375 0.0517578125 0.0244140625 0.037109375
0 0.7373046875 0.05078125 0.044921875 0.0390625
2 0.54296875 0.5810546875 0.0341796875 0.0146484375
4 0.59375 0.0673828125 0.0224609375 0.0498046875
4 0.6083984375 0.0625 0.017578125 0.0537109375
4 0.6220703125 0.0546875 0.0166015625 0.0498046875