0 0.322265625 0.849609375 0.12890625 0.2109375
0 0.4462890625 0.8203125 0.1376953125 0.2373046875
0 0.5146484375 0.962890625 0.1669921875 0.07421875
0 0.638671875 0.6484375 0.111328125 0.140625
0 0.2431640625 0.4638671875 0.08984375 0.080078125
0 0.357421875 0.4384765625 0.1318359375 0.0849609375
0 0.5556640625 0.4609375 0.1259765625 0.099609375
0 0.701171875 0.357421875 0.0986328125 0.078125
0 0.564453125 0.3447265625 0.0556640625 0.0517578125
0 0.51171875 0.306640625 0.033203125 0.0537109375
0 0.509765625 0.2666015625 0.021484375 0.033203125
0 0.4619140625 0.2666015625 0.029296875 0.041015625
0 0.4951171875 0.2236328125 0.015625 0.0244140625
0 0.4638671875 0.2021484375 0.0126953125 0.0185546875
2 0.30859375 0.8974609375 0.0361328125 0.0205078125
2 0.4326171875 0.9013671875 0.037109375 0.0205078125
2 0.0712890625 0.9423828125 0.013671875 0.0146484375
2 0.7578125 0.94921875 0.017578125 0.0126953125
3 0.0830078125 0.890625 0.0380859375 0.21875
3 0.26171875 0.6650390625 0.0419921875 0.1337890625
3 0.3701171875 0.640625 0.056640625 0.1513671875
3 0.599609375 0.5419921875 0.029296875 0.0986328125
3 0.7177734375 0.607421875 0.03125 0.115234375
3 0.4521484375 0.310546875 0.0166015625 0.0615234375
3 0.4765625 0.294921875 0.015625 0.0517578125
4 0.2177734375 0.7578125 0.0888671875 0.185546875
4 0.5810546875 0.7177734375 0.078125 0.212890625
4 0.6630859375 0.9052734375 0.1220703125 0.1884765625
6 0.1708984375 0.8740234375 0.150390625 0.251953125
6 0.74609375 0.8232421875 0.146484375 0.328125