0 0.5771484375 0.53515625 0.1376953125 0.181640625
0 0.70703125 0.2236328125 0.115234375 0.0947265625
0 0.7080078125 0.1767578125 0.119140625 0.0908203125
0 0.8388671875 0.1953125 0.1240234375 0.080078125
0 0.576171875 0.2158203125 0.1025390625 0.076171875
0 0.7080078125 0.0498046875 0.044921875 0.044921875
0 0.7587890625 0.0478515625 0.037109375 0.041015625
2 0.556640625 0.5625 0.03515625 0.0205078125
3 0.5966796875 0.77734375 0.0654296875 0.2587890625
4 0.595703125 0.0693359375 0.0185546875 0.0458984375
4 0.609375 0.0654296875 0.0185546875 0.0458984375
4 0.62109375 0.056640625 0.0185546875 0.0458984375