0 0.322265625 0.8505859375 0.13671875 0.212890625
0 0.443359375 0.8154296875 0.1337890625 0.2236328125
0 0.5166015625 0.9599609375 0.1611328125 0.080078125
0 0.638671875 0.626953125 0.1025390625 0.142578125
0 0.2373046875 0.470703125 0.0751953125 0.0888671875
0 0.2431640625 0.4248046875 0.0771484375 0.076171875
0 0.5029296875 0.2880859375 0.03125 0.0498046875
0 0.4853515625 0.271484375 0.0185546875 0.03515625
0 0.505859375 0.2255859375 0.017578125 0.033203125
0 0.4990234375 0.25390625 0.017578125 0.0146484375
0 0.4599609375 0.232421875 0.017578125 0.03125
2 0.0703125 0.9453125 0.015625 0.0166015625
2 0.3095703125 0.9013671875 0.041015625 0.0224609375
2 0.43359375 0.8955078125 0.0380859375 0.0244140625
2 0.6455078125 0.64453125 0.0283203125 0.0107421875
2 0.7568359375 0.9501953125 0.013671875 0.0146484375
3 0.078125 0.8935546875 0.0419921875 0.205078125
3 0.26171875 0.6630859375 0.046875 0.1552734375
3 0.365234375 0.6357421875 0.046875 0.1533203125
3 0.609375 0.50390625 0.0498046875 0.103515625
3 0.447265625 0.2490234375 0.009765625 0.03125
3 0.4677734375 0.2548828125 0.0048828125 0.03125
4 0.2197265625 0.7646484375 0.099609375 0.2001953125
4 0.58203125 0.693359375 0.0751953125 0.205078125
4 0.6591796875 0.90234375 0.126953125 0.1943359375
5 0.5966796875 0.4140625 0.2939453125 0.220703125
6 0.1708984375 0.8740234375 0.146484375 0.251953125
6 0.744140625 0.822265625 0.140625 0.330078125