0 0.3369140625 0.7890625 0.126953125 0.3076171875
0 0.50390625 0.810546875 0.1396484375 0.291015625
0 0.6103515625 0.5478515625 0.11328125 0.1552734375
0 0.5068359375 0.3251953125 0.1201171875 0.10546875
0 0.64453125 0.2060546875 0.05078125 0.0537109375
0 0.490234375 0.203125 0.0517578125 0.0458984375
0 0.37109375 0.15625 0.029296875 0.0498046875
2 0.513671875 0.845703125 0.0419921875 0.0205078125
2 0.333984375 0.849609375 0.04296875 0.0146484375
3 0.2490234375 0.6875 0.064453125 0.2021484375
3 0.5078125 0.4970703125 0.041015625 0.1318359375
3 0.5146484375 0.5927734375 0.0537109375 0.14453125
3 0.6162109375 0.6845703125 0.0595703125 0.1943359375
4 0.7578125 0.65234375 0.107421875 0.2353515625
4 0.4052734375 0.1533203125 0.02734375 0.0595703125
6 0.580078125 0.224609375 0.078125 0.0986328125
6 0.091796875 0.31640625 0.181640625 0.1630859375
6 0.9267578125 0.1494140625 0.048828125 0.0986328125