0 0.32421875 0.8564453125 0.138671875 0.216796875
0 0.4443359375 0.8134765625 0.1279296875 0.216796875
0 0.5126953125 0.9619140625 0.1552734375 0.076171875
0 0.6435546875 0.666015625 0.11328125 0.1611328125
0 0.345703125 0.46484375 0.1455078125 0.0849609375
0 0.486328125 0.443359375 0.1279296875 0.0869140625
0 0.6806640625 0.4580078125 0.123046875 0.0869140625
0 0.7822265625 0.3720703125 0.1005859375 0.0810546875
0 0.61328125 0.3583984375 0.0673828125 0.0615234375
0 0.51953125 0.3203125 0.041015625 0.0517578125
0 0.51171875 0.2744140625 0.02734375 0.041015625
0 0.4638671875 0.271484375 0.0283203125 0.04296875
0 0.498046875 0.224609375 0.013671875 0.02734375
0 0.4619140625 0.203125 0.015625 0.0244140625
2 0.3076171875 0.8994140625 0.0419921875 0.0244140625
2 0.4326171875 0.896484375 0.03515625 0.0224609375
2 0.7587890625 0.955078125 0.015625 0.0205078125
2 0.0732421875 0.9462890625 0.0146484375 0.0185546875
3 0.083984375 0.8935546875 0.0380859375 0.212890625
3 0.3662109375 0.6357421875 0.0556640625 0.150390625
3 0.2998046875 0.4853515625 0.0693359375 0.0966796875
3 0.5966796875 0.5283203125 0.041015625 0.11328125
3 0.71484375 0.6083984375 0.02734375 0.1201171875
3 0.47265625 0.32421875 0.013671875 0.037109375
3 0.482421875 0.2998046875 0.0126953125 0.041015625
4 0.2158203125 0.7529296875 0.087890625 0.1875
4 0.5830078125 0.7275390625 0.076171875 0.2109375
4 0.662109375 0.90625 0.1259765625 0.1875
6 0.1708984375 0.876953125 0.150390625 0.24609375
6 0.7451171875 0.8203125 0.134765625 0.3115234375