0 0.1064453125 0.896484375 0.2099609375 0.20703125
0 0.322265625 0.6953125 0.1376953125 0.216796875
0 0.3447265625 0.8759765625 0.15625 0.248046875
0 0.6064453125 0.6162109375 0.146484375 0.150390625
0 0.6591796875 0.7685546875 0.1572265625 0.2666015625
0 0.671875 0.5537109375 0.119140625 0.181640625
0 0.4521484375 0.392578125 0.087890625 0.1298828125
0 0.603515625 0.2880859375 0.0693359375 0.076171875
0 0.7021484375 0.3544921875 0.07421875 0.10546875
2 0.3095703125 0.724609375 0.0322265625 0.0205078125
2 0.6884765625 0.7958984375 0.0419921875 0.0185546875
3 0.75390625 0.677734375 0.0498046875 0.2255859375
3 0.9521484375 0.892578125 0.095703125 0.2001953125
3 0.572265625 0.3173828125 0.0283203125 0.080078125
3 0.4111328125 0.2099609375 0.015625 0.068359375
3 0.3681640625 0.18359375 0.0166015625 0.0556640625
4 0.51953125 0.4462890625 0.06640625 0.1513671875
4 0.8515625 0.7958984375 0.142578125 0.29296875
4 0.50390625 0.3125 0.0537109375 0.10546875
4 0.3681640625 0.1435546875 0.0185546875 0.03515625
4 0.90234375 0.1669921875 0.0205078125 0.0478515625
5 0.755859375 0.2412109375 0.1748046875 0.1533203125
5 0.8662109375 0.1513671875 0.048828125 0.0869140625
6 0.591796875 0.880859375 0.2265625 0.23828125