0 0.3671875 0.337890625 0.134765625 0.1533203125
0 0.4990234375 0.3291015625 0.103515625 0.1533203125
0 0.453125 0.4912109375 0.12890625 0.1884765625
0 0.4814453125 0.6279296875 0.142578125 0.2294921875
0 0.5830078125 0.419921875 0.0986328125 0.1611328125
0 0.4755859375 0.1513671875 0.1181640625 0.0849609375
0 0.5615234375 0.140625 0.10546875 0.078125
0 0.58203125 0.095703125 0.0654296875 0.0576171875
0 0.849609375 0.0869140625 0.076171875 0.0625
2 0.3359375 0.345703125 0.0283203125 0.0205078125
2 0.478515625 0.6484375 0.0419921875 0.0224609375
3 0.873046875 0.318359375 0.0322265625 0.1484375
3 0.9306640625 0.314453125 0.0419921875 0.1484375