0 0.2861328125 0.71875 0.134765625 0.248046875
0 0.654296875 0.8779296875 0.197265625 0.244140625
0 0.6435546875 0.6748046875 0.1416015625 0.1943359375
0 0.828125 0.82421875 0.16015625 0.244140625
0 0.1748046875 0.3203125 0.1142578125 0.103515625
0 0.5400390625 0.3359375 0.14453125 0.10546875
0 0.1689453125 0.1796875 0.0712890625 0.0625
0 0.330078125 0.14453125 0.03515625 0.044921875
0 0.3447265625 0.1708984375 0.0576171875 0.0576171875
0 0.4052734375 0.1875 0.029296875 0.0537109375
0 0.419921875 0.169921875 0.0341796875 0.0478515625
0 0.525390625 0.2294921875 0.0771484375 0.06640625
0 0.53515625 0.205078125 0.068359375 0.0498046875
0 0.654296875 0.236328125 0.0771484375 0.0576171875
0 0.5400390625 0.1513671875 0.02734375 0.041015625
0 0.517578125 0.1337890625 0.017578125 0.029296875
1 0.6826171875 0.955078125 0.05078125 0.0263671875
2 0.654296875 0.7314453125 0.0380859375 0.0224609375
2 0.46484375 0.8876953125 0.025390625 0.02734375
2 0.279296875 0.7509765625 0.041015625 0.0205078125
2 0.1318359375 0.6796875 0.0146484375 0.0146484375
3 0.14453125 0.63671875 0.060546875 0.2001953125
3 0.5576171875 0.470703125 0.037109375 0.14453125
3 0.5517578125 0.6875 0.03125 0.205078125
3 0.732421875 0.630859375 0.0576171875 0.17578125
6 0.4677734375 0.755859375 0.1376953125 0.384765625
6 0.4580078125 0.197265625 0.0400390625 0.0986328125