0 0.345703125 0.35546875 0.1181640625 0.1591796875
0 0.4541015625 0.494140625 0.1259765625 0.1923828125
0 0.4833984375 0.759765625 0.1689453125 0.2763671875
0 0.4716796875 0.3408203125 0.12890625 0.13671875
0 0.58203125 0.421875 0.08984375 0.169921875
0 0.4931640625 0.0927734375 0.1103515625 0.07421875
0 0.6318359375 0.146484375 0.0810546875 0.0888671875
2 0.3232421875 0.359375 0.03125 0.0224609375
2 0.447265625 0.5126953125 0.0400390625 0.0224609375
2 0.478515625 0.798828125 0.0517578125 0.0205078125
3 0.869140625 0.341796875 0.033203125 0.1689453125
4 0.2958984375 0.240234375 0.107421875 0.1279296875