0 0.2412109375 0.791015625 0.2041015625 0.2744140625
0 0.4111328125 0.8525390625 0.201171875 0.294921875
0 0.6572265625 0.8134765625 0.1748046875 0.294921875
0 0.8837890625 0.912109375 0.2216796875 0.17578125
0 0.8525390625 0.71875 0.1572265625 0.2255859375
0 0.6982421875 0.62890625 0.126953125 0.220703125
0 0.3388671875 0.6015625 0.1689453125 0.21875
0 0.458984375 0.6474609375 0.125 0.17578125
0 0.7041015625 0.2666015625 0.166015625 0.1220703125
0 0.7177734375 0.1484375 0.072265625 0.06640625
0 0.6923828125 0.041015625 0.03125 0.041015625
1 0.3837890625 0.9345703125 0.046875 0.0244140625
1 0.6416015625 0.875 0.048828125 0.0244140625
1 0.8642578125 0.7802734375 0.046875 0.0244140625
2 0.3017578125 0.6298828125 0.0361328125 0.0224609375
3 0.224609375 0.8876953125 0.087890625 0.2236328125
3 0.5595703125 0.576171875 0.052734375 0.1923828125
3 0.62890625 0.521484375 0.0615234375 0.1796875
3 0.810546875 0.50390625 0.0517578125 0.181640625
3 0.7880859375 0.4541015625 0.0380859375 0.1591796875
3 0.595703125 0.2431640625 0.0576171875 0.0869140625
3 0.6875 0.1787109375 0.0439453125 0.076171875
4 0.611328125 0.0654296875 0.021484375 0.0498046875
4 0.6201171875 0.0576171875 0.0185546875 0.044921875
4 0.6318359375 0.056640625 0.01171875 0.04296875
5 0.54296875 0.1533203125 0.173828125 0.140625