0 0.37890625 0.7255859375 0.134765625 0.2333984375
0 0.283203125 0.2548828125 0.1025390625 0.0869140625
1 0.384765625 0.7802734375 0.037109375 0.0205078125
2 0.2138671875 0.6630859375 0.013671875 0.0146484375
3 0.1689453125 0.36328125 0.02734375 0.1181640625
3 0.21484375 0.3193359375 0.0634765625 0.10546875
3 0.4951171875 0.2236328125 0.02734375 0.06640625
3 0.4814453125 0.1875 0.015625 0.0595703125
4 0.185546875 0.6015625 0.0927734375 0.2294921875
4 0.48046875 0.158203125 0.01953125 0.0498046875
5 0.30859375 0.134765625 0.1494140625 0.103515625