0 0.2412109375 0.791015625 0.2060546875 0.27734375
0 0.4111328125 0.8515625 0.2041015625 0.2890625
0 0.66015625 0.8173828125 0.173828125 0.3017578125
0 0.8837890625 0.91015625 0.220703125 0.1796875
0 0.853515625 0.71484375 0.1630859375 0.2255859375
0 0.697265625 0.62890625 0.130859375 0.220703125
0 0.4609375 0.6533203125 0.1259765625 0.185546875
0 0.3388671875 0.6025390625 0.169921875 0.216796875
0 0.6572265625 0.271484375 0.1708984375 0.1240234375
0 0.7412109375 0.216796875 0.0537109375 0.0966796875
0 0.7099609375 0.14453125 0.0634765625 0.0625
0 0.693359375 0.03515625 0.0224609375 0.041015625
1 0.3837890625 0.9306640625 0.046875 0.0205078125
1 0.6416015625 0.8740234375 0.048828125 0.0224609375
1 0.8642578125 0.779296875 0.05078125 0.0224609375
2 0.3037109375 0.6318359375 0.0341796875 0.0224609375
3 0.2236328125 0.8876953125 0.080078125 0.2236328125
3 0.55859375 0.5654296875 0.05078125 0.1943359375
3 0.6357421875 0.517578125 0.064453125 0.18359375
3 0.7900390625 0.4580078125 0.0419921875 0.1611328125
3 0.8115234375 0.5009765625 0.064453125 0.17578125
3 0.6904296875 0.17578125 0.0380859375 0.06640625
3 0.58203125 0.2431640625 0.0439453125 0.068359375
4 0.6103515625 0.0634765625 0.021484375 0.0498046875
4 0.6220703125 0.0576171875 0.0185546875 0.044921875
4 0.6298828125 0.052734375 0.0126953125 0.04296875
5 0.5400390625 0.162109375 0.177734375 0.134765625