0 0.1962890625 0.7275390625 0.1689453125 0.2333984375
0 0.359375 0.54296875 0.1064453125 0.1552734375
0 0.3525390625 0.7490234375 0.12109375 0.3349609375
0 0.556640625 0.5205078125 0.10546875 0.111328125
0 0.6298828125 0.677734375 0.1103515625 0.22265625
0 0.8115234375 0.8974609375 0.27734375 0.205078125
0 0.65234375 0.498046875 0.107421875 0.1484375
0 0.578125 0.3271484375 0.0771484375 0.1015625
0 0.619140625 0.205078125 0.0537109375 0.0537109375
2 0.1669921875 0.7607421875 0.0380859375 0.0185546875
2 0.3505859375 0.8037109375 0.0419921875 0.0146484375
2 0.583984375 0.82421875 0.021484375 0.0263671875
2 0.640625 0.703125 0.0400390625 0.0205078125
3 0.3984375 0.17578125 0.01171875 0.0478515625
3 0.35546875 0.16796875 0.0087890625 0.0498046875
3 0.708984375 0.607421875 0.0380859375 0.2109375
3 0.916015625 0.8408203125 0.091796875 0.2109375
4 0.798828125 0.6953125 0.1240234375 0.220703125
4 0.65625 0.3466796875 0.05859375 0.111328125
4 0.357421875 0.1279296875 0.0146484375 0.033203125
4 0.6474609375 0.265625 0.0537109375 0.072265625
4 0.83203125 0.1669921875 0.0185546875 0.0478515625
5 0.912109375 0.2138671875 0.1708984375 0.138671875
5 0.865234375 0.1396484375 0.0498046875 0.0458984375
6 0.5224609375 0.763671875 0.16015625 0.39453125