0 0.31640625 0.853515625 0.1357421875 0.21484375
0 0.447265625 0.818359375 0.1279296875 0.2373046875
0 0.509765625 0.9599609375 0.1611328125 0.080078125
0 0.66796875 0.7138671875 0.1103515625 0.1796875
0 0.3466796875 0.46875 0.083984375 0.0849609375
0 0.349609375 0.4423828125 0.0869140625 0.0703125
0 0.533203125 0.431640625 0.1181640625 0.0927734375
0 0.619140625 0.3564453125 0.0693359375 0.0615234375
0 0.5224609375 0.310546875 0.033203125 0.0537109375
0 0.47265625 0.296875 0.0341796875 0.0498046875
0 0.498046875 0.2490234375 0.01953125 0.03125
0 0.4892578125 0.2236328125 0.0126953125 0.0263671875
0 0.458984375 0.2705078125 0.0244140625 0.037109375
0 0.474609375 0.2568359375 0.0146484375 0.02734375
0 0.462890625 0.23046875 0.0166015625 0.0244140625
2 0.3076171875 0.900390625 0.037109375 0.0224609375
2 0.0703125 0.9462890625 0.01171875 0.0185546875
2 0.431640625 0.900390625 0.0361328125 0.0146484375
2 0.7578125 0.955078125 0.017578125 0.0185546875
3 0.080078125 0.8857421875 0.03515625 0.1943359375
3 0.25390625 0.66015625 0.033203125 0.142578125
3 0.3662109375 0.638671875 0.0478515625 0.1552734375
3 0.5947265625 0.5390625 0.0263671875 0.115234375
3 0.4228515625 0.455078125 0.05859375 0.0986328125
3 0.501953125 0.4658203125 0.060546875 0.0947265625
3 0.61328125 0.5029296875 0.0341796875 0.0947265625
3 0.7216796875 0.5693359375 0.037109375 0.1015625
3 0.5283203125 0.333984375 0.0166015625 0.064453125
4 0.22265625 0.751953125 0.0966796875 0.173828125
4 0.5791015625 0.763671875 0.0751953125 0.2236328125
4 0.6650390625 0.9033203125 0.125 0.1923828125
4 0.271484375 0.48828125 0.0908203125 0.109375
6 0.173828125 0.875 0.146484375 0.25
6 0.7490234375 0.8203125 0.146484375 0.322265625