0 0.423828125 0.328125 0.0888671875 0.0849609375
0 0.556640625 0.2958984375 0.0732421875 0.07421875
0 0.6396484375 0.48828125 0.0712890625 0.134765625
0 0.74609375 0.5439453125 0.0791015625 0.1796875
0 0.9423828125 0.4736328125 0.103515625 0.140625
0 0.6337890625 0.3115234375 0.0732421875 0.06640625
2 0.6416015625 0.5029296875 0.02734375 0.0166015625
2 0.7490234375 0.56640625 0.029296875 0.0185546875
4 0.5478515625 0.1650390625 0.0146484375 0.0263671875
5 0.8115234375 0.1845703125 0.052734375 0.068359375
5 0.9423828125 0.28515625 0.111328125 0.1484375