0 0.3798828125 0.7314453125 0.1337890625 0.244140625
0 0.2607421875 0.2490234375 0.1044921875 0.080078125
1 0.38671875 0.791015625 0.0419921875 0.0185546875
2 0.212890625 0.6611328125 0.015625 0.0146484375
3 0.1728515625 0.3681640625 0.0361328125 0.111328125
3 0.26953125 0.33203125 0.06640625 0.0869140625
3 0.51171875 0.2314453125 0.0283203125 0.0625
3 0.4892578125 0.1845703125 0.015625 0.0576171875
3 0.51953125 0.1904296875 0.0185546875 0.0478515625
4 0.1865234375 0.603515625 0.0869140625 0.2333984375
4 0.4765625 0.1689453125 0.021484375 0.0556640625
5 0.2939453125 0.1376953125 0.1533203125 0.109375