0 0.287109375 0.716796875 0.1357421875 0.244140625
0 0.6533203125 0.8779296875 0.1923828125 0.244140625
0 0.6455078125 0.6728515625 0.13671875 0.1943359375
0 0.8271484375 0.8427734375 0.1513671875 0.28515625
0 0.1669921875 0.1806640625 0.07421875 0.0576171875
0 0.2197265625 0.169921875 0.0625 0.0576171875
0 0.328125 0.146484375 0.033203125 0.0517578125
0 0.3623046875 0.169921875 0.05859375 0.0478515625
0 0.408203125 0.201171875 0.0458984375 0.064453125
0 0.513671875 0.1630859375 0.0302734375 0.044921875
0 0.4716796875 0.1474609375 0.025390625 0.03125
0 0.6572265625 0.2314453125 0.06640625 0.0625
0 0.669921875 0.265625 0.0458984375 0.0576171875
1 0.6826171875 0.958984375 0.0478515625 0.0224609375
2 0.6552734375 0.7314453125 0.041015625 0.0185546875
2 0.4638671875 0.8876953125 0.0244140625 0.02734375
2 0.279296875 0.75 0.037109375 0.0107421875
2 0.11328125 0.880859375 0.0205078125 0.0244140625
2 0.1728515625 0.69921875 0.0146484375 0.0205078125
2 0.5498046875 0.73046875 0.0146484375 0.0126953125
3 0.111328125 0.8251953125 0.0712890625 0.25390625
3 0.189453125 0.662109375 0.048828125 0.2021484375
3 0.345703125 0.552734375 0.08203125 0.150390625
3 0.5537109375 0.6875 0.033203125 0.2001953125
3 0.7333984375 0.6279296875 0.056640625 0.169921875
3 0.966796875 0.91796875 0.0654296875 0.146484375
4 0.451171875 0.1884765625 0.0283203125 0.0556640625
4 0.4833984375 0.212890625 0.0458984375 0.06640625
6 0.56640625 0.21484375 0.07421875 0.107421875
6 0.4658203125 0.748046875 0.140625 0.3740234375