0 0.5498046875 0.689453125 0.140625 0.2607421875
0 0.5107421875 0.8779296875 0.1611328125 0.244140625
0 0.7958984375 0.853515625 0.2001953125 0.29296875
0 0.7421875 0.6064453125 0.1318359375 0.208984375
0 0.6337890625 0.4677734375 0.1044921875 0.1650390625
0 0.05078125 0.201171875 0.056640625 0.080078125
0 0.029296875 0.158203125 0.052734375 0.072265625
0 0.4619140625 0.0478515625 0.015625 0.033203125
2 0.1220703125 0.9248046875 0.0185546875 0.0205078125
2 0.20703125 0.6650390625 0.005859375 0.0107421875
2 0.3701171875 0.74609375 0.001953125 0.0078125
2 0.5517578125 0.7275390625 0.0341796875 0.0185546875
2 0.513671875 0.958984375 0.0556640625 0.0185546875
2 0.6240234375 0.486328125 0.0283203125 0.0205078125
2 0.759765625 0.6748046875 0.037109375 0.0244140625
2 0.8203125 0.919921875 0.0556640625 0.0244140625
3 0.2236328125 0.6337890625 0.056640625 0.22265625
3 0.7998046875 0.3798828125 0.03125 0.103515625
4 0.3388671875 0.681640625 0.10546875 0.27734375
4 0.0849609375 0.8212890625 0.1533203125 0.3349609375
4 0.87890625 0.1669921875 0.048828125 0.0849609375