0 0.3369140625 0.7939453125 0.1259765625 0.3203125
0 0.5107421875 0.8486328125 0.140625 0.283203125
0 0.6103515625 0.5498046875 0.1181640625 0.1552734375
0 0.6923828125 0.337890625 0.1044921875 0.0947265625
0 0.83984375 0.2587890625 0.08203125 0.0703125
0 0.3779296875 0.1591796875 0.0361328125 0.0517578125
1 0.333984375 0.84765625 0.04296875 0.0244140625
2 0.51953125 0.8935546875 0.0439453125 0.0205078125
3 0.216796875 0.7841796875 0.0517578125 0.2314453125
3 0.2548828125 0.6005859375 0.0419921875 0.1689453125
3 0.5029296875 0.5009765625 0.041015625 0.1533203125
3 0.548828125 0.6494140625 0.048828125 0.146484375
3 0.6845703125 0.7783203125 0.0615234375 0.2275390625
6 0.3623046875 0.330078125 0.1787109375 0.1572265625
6 0.9306640625 0.1513671875 0.048828125 0.10546875
6 0.654296875 0.240234375 0.0791015625 0.109375