0 0.28515625 0.7216796875 0.1416015625 0.25390625
0 0.6513671875 0.87890625 0.189453125 0.2421875
0 0.8271484375 0.845703125 0.16015625 0.287109375
0 0.64453125 0.669921875 0.134765625 0.1884765625
0 0.3857421875 0.3310546875 0.146484375 0.111328125
0 0.166015625 0.181640625 0.0751953125 0.0595703125
0 0.498046875 0.2236328125 0.0712890625 0.0625
0 0.623046875 0.2294921875 0.076171875 0.0625
0 0.3544921875 0.171875 0.0556640625 0.0517578125
0 0.328125 0.1484375 0.037109375 0.0478515625
0 0.4091796875 0.181640625 0.03125 0.0556640625
0 0.5322265625 0.1318359375 0.01953125 0.033203125
0 0.4873046875 0.1875 0.0322265625 0.0458984375
0 0.5068359375 0.1708984375 0.03125 0.0390625
1 0.6826171875 0.9580078125 0.048828125 0.0244140625
1 0.654296875 0.73046875 0.041015625 0.0166015625
2 0.279296875 0.75 0.04296875 0.0185546875
2 0.462890625 0.888671875 0.0263671875 0.029296875
3 0.1611328125 0.61328125 0.0625 0.1962890625
3 0.5517578125 0.6943359375 0.0302734375 0.1630859375
3 0.5615234375 0.5673828125 0.0810546875 0.150390625
3 0.57421875 0.4541015625 0.03515625 0.13671875
3 0.732421875 0.638671875 0.0576171875 0.185546875
3 0.5791015625 0.2294921875 0.0302734375 0.0556640625
3 0.544921875 0.2197265625 0.021484375 0.068359375
6 0.443359375 0.1884765625 0.04296875 0.0927734375
6 0.4697265625 0.748046875 0.13671875 0.3740234375