0 0.3388671875 0.791015625 0.130859375 0.322265625
0 0.5 0.7685546875 0.130859375 0.2666015625
0 0.6123046875 0.5498046875 0.11328125 0.1630859375
0 0.51953125 0.193359375 0.0478515625 0.0537109375
0 0.4619140625 0.1767578125 0.044921875 0.0576171875
1 0.3369140625 0.849609375 0.0439453125 0.0224609375
3 0.3369140625 0.505859375 0.0361328125 0.14453125
3 0.40234375 0.513671875 0.033203125 0.1572265625
3 0.4580078125 0.49609375 0.0458984375 0.1484375
3 0.505859375 0.498046875 0.0439453125 0.14453125
4 0.4814453125 0.8779296875 0.1259765625 0.244140625
4 0.171875 0.78125 0.1103515625 0.28515625
4 0.7529296875 0.646484375 0.1005859375 0.2294921875
4 0.37109375 0.1669921875 0.025390625 0.0556640625
6 0.9267578125 0.1435546875 0.0478515625 0.0986328125
6 0.861328125 0.2705078125 0.197265625 0.173828125