0 0.244140625 0.79296875 0.208984375 0.28125
0 0.4111328125 0.8515625 0.193359375 0.28515625
0 0.658203125 0.80859375 0.173828125 0.287109375
0 0.8876953125 0.9091796875 0.2158203125 0.181640625
0 0.8525390625 0.71484375 0.158203125 0.21875
0 0.6982421875 0.630859375 0.1298828125 0.216796875
0 0.4599609375 0.6513671875 0.1279296875 0.181640625
0 0.3369140625 0.5986328125 0.1689453125 0.2109375
0 0.5751953125 0.201171875 0.1064453125 0.068359375
0 0.638671875 0.2841796875 0.171875 0.1201171875
0 0.7578125 0.2626953125 0.0947265625 0.0927734375
0 0.732421875 0.19140625 0.107421875 0.068359375
0 0.685546875 0.076171875 0.025390625 0.0556640625
1 0.3818359375 0.9306640625 0.046875 0.0244140625
1 0.6416015625 0.8740234375 0.0478515625 0.0224609375
2 0.865234375 0.783203125 0.046875 0.0224609375
2 0.55859375 0.7197265625 0.015625 0.0166015625
2 0.3017578125 0.630859375 0.0380859375 0.0205078125
3 0.2255859375 0.8896484375 0.0751953125 0.220703125
3 0.5615234375 0.6767578125 0.0615234375 0.2236328125
3 0.5888671875 0.5771484375 0.0498046875 0.1943359375
3 0.810546875 0.50390625 0.0478515625 0.185546875
3 0.78515625 0.4560546875 0.033203125 0.1533203125
4 0.609375 0.0625 0.0205078125 0.0498046875
4 0.6201171875 0.0576171875 0.01953125 0.0478515625
4 0.6298828125 0.0537109375 0.0146484375 0.044921875
5 0.5400390625 0.138671875 0.1708984375 0.111328125