0 0.513671875 0.8662109375 0.1455078125 0.2666015625
0 0.6142578125 0.5517578125 0.1181640625 0.1630859375
0 0.3876953125 0.169921875 0.0380859375 0.0537109375
0 0.9150390625 0.2763671875 0.091796875 0.07421875
1 0.3349609375 0.84765625 0.0419921875 0.0244140625
1 0.5263671875 0.9345703125 0.04296875 0.0244140625
3 0.5009765625 0.5009765625 0.0400390625 0.150390625
3 0.20703125 0.857421875 0.060546875 0.2626953125
3 0.232421875 0.626953125 0.0439453125 0.18359375
3 0.7275390625 0.8349609375 0.072265625 0.244140625
3 0.236328125 0.3271484375 0.0595703125 0.0947265625
3 0.5791015625 0.716796875 0.0576171875 0.2041015625
4 0.7783203125 0.6884765625 0.1103515625 0.2587890625
4 0.42578125 0.16015625 0.0244140625 0.0537109375
6 0.5029296875 0.3388671875 0.1767578125 0.1591796875
6 0.9306640625 0.146484375 0.0537109375 0.0966796875
6 0.7041015625 0.2529296875 0.09765625 0.11328125