0 0.251953125 0.568359375 0.115234375 0.181640625
0 0.369140625 0.5732421875 0.087890625 0.2392578125
0 0.40234375 0.482421875 0.09375 0.1533203125
0 0.5810546875 0.5625 0.0771484375 0.1923828125
0 0.5380859375 0.4189453125 0.068359375 0.103515625
0 0.55078125 0.884765625 0.189453125 0.2294921875
0 0.6962890625 0.7548828125 0.1806640625 0.2724609375
0 0.66015625 0.419921875 0.08984375 0.134765625
0 0.5126953125 0.2265625 0.0576171875 0.064453125
0 0.7060546875 0.27734375 0.0556640625 0.078125
0 0.9208984375 0.236328125 0.0732421875 0.0615234375
0 0.9365234375 0.16796875 0.056640625 0.0390625
2 0.240234375 0.580078125 0.0322265625 0.0146484375
2 0.365234375 0.6123046875 0.033203125 0.0166015625
2 0.5439453125 0.671875 0.017578125 0.029296875
2 0.7275390625 0.8125 0.0419921875 0.0185546875
3 0.1064453125 0.85546875 0.0576171875 0.2890625
3 0.77734375 0.6552734375 0.060546875 0.1962890625
3 0.3818359375 0.15625 0.013671875 0.0498046875
3 0.3466796875 0.1611328125 0.013671875 0.0478515625
4 0.7021484375 0.5517578125 0.0927734375 0.14453125
4 0.826171875 0.275390625 0.056640625 0.076171875
4 0.8115234375 0.2431640625 0.0478515625 0.072265625
4 0.833984375 0.16796875 0.025390625 0.0458984375
5 0.8701171875 0.15234375 0.052734375 0.076171875
6 0.5009765625 0.623046875 0.1240234375 0.3056640625