0 0.4130859375 0.3095703125 0.125 0.14453125
0 0.4521484375 0.490234375 0.1279296875 0.1904296875
0 0.482421875 0.6220703125 0.14453125 0.21875
0 0.576171875 0.2705078125 0.1005859375 0.115234375
0 0.5849609375 0.4248046875 0.0908203125 0.1689453125
0 0.5517578125 0.1748046875 0.08984375 0.0986328125
0 0.8740234375 0.158203125 0.1259765625 0.0986328125
2 0.3837890625 0.310546875 0.021484375 0.0166015625
2 0.4736328125 0.640625 0.0341796875 0.0224609375
3 0.5458984375 0.3427734375 0.037109375 0.1484375
3 0.939453125 0.2880859375 0.0341796875 0.134765625