0 0.3193359375 0.8525390625 0.134765625 0.208984375
0 0.443359375 0.8115234375 0.138671875 0.2255859375
0 0.5078125 0.9599609375 0.16796875 0.080078125
0 0.3955078125 0.4599609375 0.119140625 0.0869140625
0 0.4306640625 0.4287109375 0.0927734375 0.10546875
0 0.6318359375 0.630859375 0.09765625 0.150390625
0 0.505859375 0.2998046875 0.037109375 0.0478515625
0 0.4873046875 0.28125 0.029296875 0.044921875
0 0.4990234375 0.259765625 0.0185546875 0.03125
0 0.4609375 0.240234375 0.017578125 0.03515625
0 0.50390625 0.232421875 0.0166015625 0.03515625
2 0.0712890625 0.943359375 0.0166015625 0.0244140625
2 0.3095703125 0.8994140625 0.037109375 0.0205078125
2 0.4326171875 0.896484375 0.0341796875 0.0185546875
2 0.646484375 0.64453125 0.0302734375 0.0185546875
2 0.7568359375 0.953125 0.013671875 0.0126953125
3 0.080078125 0.892578125 0.0380859375 0.20703125
2 0.259765625 0.6650390625 0.0498046875 0.1484375
2 0.365234375 0.63671875 0.052734375 0.1630859375
2 0.6083984375 0.5048828125 0.0458984375 0.1015625
2 0.7158203125 0.5048828125 0.0380859375 0.0908203125
2 0.4423828125 0.26171875 0.0068359375 0.03515625
2 0.46875 0.263671875 0.0087890625 0.03515625
4 0.2138671875 0.755859375 0.1005859375 0.185546875
4 0.58203125 0.693359375 0.0751953125 0.205078125
4 0.66015625 0.9072265625 0.1279296875 0.185546875
4 0.294921875 0.4794921875 0.087890625 0.107421875
5 0.716796875 0.4111328125 0.2314453125 0.21484375
6 0.1689453125 0.8759765625 0.1474609375 0.248046875
6 0.744140625 0.8251953125 0.14453125 0.3310546875