0 0.3369140625 0.787109375 0.126953125 0.314453125
0 0.525390625 0.896484375 0.162109375 0.20703125
0 0.61328125 0.548828125 0.1142578125 0.1611328125
0 0.4072265625 0.1767578125 0.05078125 0.0576171875
0 0.9404296875 0.3525390625 0.119140625 0.1015625
0 0.8759765625 0.1708984375 0.033203125 0.04296875
1 0.333984375 0.8466796875 0.048828125 0.0224609375
3 0.630859375 0.822265625 0.0693359375 0.2412109375
3 0.205078125 0.7021484375 0.0537109375 0.2001953125
3 0.50390625 0.498046875 0.044921875 0.13671875
3 0.8046875 0.9140625 0.0869140625 0.171875
3 0.4345703125 0.34375 0.056640625 0.0986328125
3 0.3466796875 0.13671875 0.009765625 0.033203125
3 0.3759765625 0.1484375 0.0146484375 0.041015625
3 0.4638671875 0.166015625 0.017578125 0.0498046875
3 0.7265625 0.2255859375 0.0322265625 0.0625
4 0.7978515625 0.7216796875 0.1220703125 0.2578125
4 0.4443359375 0.17578125 0.0244140625 0.0595703125
4 0.3564453125 0.109375 0.0107421875 0.0263671875
4 0.84765625 0.177734375 0.0244140625 0.0478515625
6 0.7138671875 0.3515625 0.189453125 0.1630859375
6 0.92578125 0.1494140625 0.0478515625 0.0986328125
6 0.8232421875 0.263671875 0.123046875 0.10546875