0 0.5693359375 0.5576171875 0.1376953125 0.1884765625
0 0.5361328125 0.1865234375 0.1142578125 0.068359375
0 0.625 0.212890625 0.1123046875 0.0810546875
0 0.69140625 0.1640625 0.1083984375 0.0908203125
0 0.7880859375 0.1923828125 0.1064453125 0.0810546875
0 0.81640625 0.2275390625 0.1318359375 0.099609375
0 0.9130859375 0.166015625 0.142578125 0.0869140625
0 0.685546875 0.048828125 0.029296875 0.03125
0 0.728515625 0.048828125 0.03125 0.0390625
0 0.75390625 0.048828125 0.0380859375 0.0458984375
2 0.54296875 0.580078125 0.041015625 0.0205078125
4 0.59375 0.0693359375 0.0205078125 0.0458984375
4 0.607421875 0.06640625 0.0185546875 0.041015625
4 0.619140625 0.0556640625 0.0185546875 0.041015625