0 0.400390625 0.8720703125 0.1669921875 0.255859375
1 0.4033203125 0.9736328125 0.05078125 0.0205078125
2 0.2158203125 0.6591796875 0.0126953125 0.0107421875
3 0.1728515625 0.3759765625 0.0283203125 0.115234375
3 0.263671875 0.330078125 0.0751953125 0.115234375
3 0.4150390625 0.158203125 0.0146484375 0.0458984375
3 0.603515625 0.2138671875 0.0263671875 0.0576171875
3 0.623046875 0.2236328125 0.0302734375 0.0615234375
3 0.6640625 0.34375 0.05078125 0.10546875
4 0.189453125 0.603515625 0.0908203125 0.2294921875
4 0.4765625 0.1845703125 0.0283203125 0.064453125
5 0.1826171875 0.12890625 0.1318359375 0.11328125