0 0.568359375 0.4306640625 0.103515625 0.1533203125
0 0.765625 0.5625 0.1357421875 0.2255859375
0 0.5302734375 0.2177734375 0.1220703125 0.0908203125
0 0.6611328125 0.2138671875 0.1162109375 0.0830078125
0 0.7939453125 0.1943359375 0.08203125 0.0888671875
0 0.875 0.22265625 0.12890625 0.099609375
0 0.9375 0.1689453125 0.123046875 0.0927734375
0 0.72265625 0.0458984375 0.0322265625 0.044921875
0 0.7568359375 0.0498046875 0.033203125 0.044921875
2 0.580078125 0.443359375 0.0341796875 0.0205078125
3 0.6904296875 0.4599609375 0.0380859375 0.17578125
4 0.5927734375 0.068359375 0.021484375 0.0478515625
4 0.6083984375 0.0615234375 0.0166015625 0.0556640625
4 0.6259765625 0.0537109375 0.013671875 0.0478515625