0 0.560546875 0.4228515625 0.1064453125 0.1533203125
0 0.76953125 0.5478515625 0.1259765625 0.2109375
0 0.556640625 0.896484375 0.181640625 0.20703125
0 0.6884765625 0.2109375 0.12109375 0.078125
0 0.5390625 0.21484375 0.14453125 0.0927734375
0 0.826171875 0.19140625 0.0927734375 0.080078125
0 0.9189453125 0.220703125 0.1513671875 0.103515625
0 0.7158203125 0.0439453125 0.0361328125 0.0390625
0 0.7548828125 0.048828125 0.0361328125 0.03515625
2 0.5771484375 0.4365234375 0.03515625 0.0166015625
4 0.5927734375 0.0693359375 0.0185546875 0.0498046875
4 0.6083984375 0.0634765625 0.0185546875 0.0458984375
4 0.626953125 0.0576171875 0.01953125 0.044921875
3 0.693359375 0.4619140625 0.04296875 0.1611328125