0 0.3857421875 0.7666015625 0.1416015625 0.244140625
0 0.1943359375 0.232421875 0.095703125 0.0830078125
1 0.388671875 0.8251953125 0.0400390625 0.0205078125
2 0.21484375 0.6630859375 0.0146484375 0.0185546875
3 0.1708984375 0.369140625 0.03515625 0.1162109375
3 0.4072265625 0.330078125 0.0576171875 0.10546875
3 0.5634765625 0.2412109375 0.0302734375 0.078125
3 0.552734375 0.1982421875 0.0263671875 0.0517578125
3 0.5205078125 0.201171875 0.0244140625 0.0498046875
3 0.490234375 0.1630859375 0.0146484375 0.044921875
4 0.18359375 0.599609375 0.083984375 0.2294921875
4 0.4716796875 0.169921875 0.0244140625 0.0615234375
5 0.251953125 0.134765625 0.16015625 0.103515625