0 0.5791015625 0.5263671875 0.126953125 0.17578125
0 0.7705078125 0.8955078125 0.205078125 0.208984375
0 0.591796875 0.2265625 0.126953125 0.0908203125
0 0.6474609375 0.2158203125 0.0888671875 0.080078125
0 0.8056640625 0.2236328125 0.1220703125 0.1015625
0 0.7900390625 0.173828125 0.12890625 0.0810546875
0 0.939453125 0.1943359375 0.119140625 0.0849609375
0 0.6962890625 0.044921875 0.033203125 0.0458984375
0 0.7490234375 0.046875 0.046875 0.0390625
2 0.5615234375 0.548828125 0.0322265625 0.0166015625
2 0.6240234375 0.736328125 0.015625 0.0205078125
3 0.6376953125 0.6708984375 0.0537109375 0.220703125
4 0.5908203125 0.0654296875 0.0205078125 0.0537109375
4 0.607421875 0.0673828125 0.0185546875 0.04296875
4 0.6201171875 0.0595703125 0.0205078125 0.0478515625