0 0.12109375 0.66796875 0.2392578125 0.5390625
0 0.298828125 0.513671875 0.1650390625 0.1884765625
0 0.419921875 0.4462890625 0.064453125 0.0908203125
0 0.455078125 0.439453125 0.0205078125 0.0634765625
0 0.466796875 0.421875 0.029296875 0.0478515625
0 0.822265625 0.65625 0.3505859375 0.40625
0 0.662109375 0.5126953125 0.123046875 0.169921875
0 0.5869140625 0.44921875 0.052734375 0.0791015625
0 0.560546875 0.4287109375 0.0205078125 0.048828125
1 0.2548828125 0.5087890625 0.0400390625 0.015625
1 0.90625 0.6796875 0.0888671875 0.04296875
2 0.587890625 0.4677734375 0.0185546875 0.01171875