0 0.7490234375 0.8828125 0.29296875 0.234375
0 0.5224609375 0.8525390625 0.16796875 0.1748046875
0 0.4345703125 0.833984375 0.0810546875 0.1357421875
0 0.5654296875 0.7861328125 0.1142578125 0.0966796875
0 0.3095703125 0.826171875 0.107421875 0.1123046875
0 0.357421875 0.8095703125 0.06640625 0.1015625
1 0.8330078125 0.9677734375 0.0546875 0.0244140625
1 0.5703125 0.892578125 0.0400390625 0.0205078125
1 0.3310546875 0.8544921875 0.025390625 0.0126953125
1 0.8955078125 0.84765625 0.03515625 0.015625
6 0.8125 0.748046875 0.2958984375 0.345703125