0 0.7490234375 0.8779296875 0.2958984375 0.244140625
0 0.521484375 0.8525390625 0.162109375 0.1787109375
0 0.3515625 0.8125 0.0849609375 0.1005859375
0 0.3056640625 0.798828125 0.0576171875 0.0947265625
0 0.263671875 0.8017578125 0.041015625 0.072265625
0 0.2412109375 0.7939453125 0.0458984375 0.078125
0 0.208984375 0.791015625 0.0380859375 0.07421875
0 0.18359375 0.79296875 0.0224609375 0.0537109375
0 0.5634765625 0.7900390625 0.1083984375 0.095703125
1 0.83203125 0.9638671875 0.0537109375 0.021484375
1 0.89453125 0.84765625 0.033203125 0.017578125
1 0.5712890625 0.8916015625 0.037109375 0.015625
2 0.3701171875 0.833984375 0.01953125 0.01171875
6 0.8154296875 0.75 0.291015625 0.3408203125