0 0.3017578125 0.7724609375 0.1474609375 0.197265625
0 0.3623046875 0.630859375 0.146484375 0.2412109375
0 0.3642578125 0.5146484375 0.1318359375 0.0712890625
0 0.3701171875 0.4677734375 0.1162109375 0.0673828125
0 0.3876953125 0.455078125 0.1064453125 0.138671875
0 0.4033203125 0.4013671875 0.09375 0.125
0 0.404296875 0.337890625 0.0927734375 0.05078125
0 0.626953125 0.498046875 0.119140625 0.1533203125
0 0.607421875 0.3994140625 0.0791015625 0.1201171875
0 0.7890625 0.46484375 0.111328125 0.1552734375
0 0.02734375 0.40234375 0.0537109375 0.1376953125
0 0.083984375 0.359375 0.076171875 0.1279296875
0 0.169921875 0.3056640625 0.06640625 0.1103515625
0 0.2294921875 0.3056640625 0.0517578125 0.072265625
1 0.30078125 0.833984375 0.044921875 0.0234375
1 0.357421875 0.6728515625 0.0400390625 0.0166015625
2 0.791015625 0.4951171875 0.029296875 0.015625
1 0.7080078125 0.9794921875 0.048828125 0.0224609375
6 0.7109375 0.7744140625 0.208984375 0.4501953125
6 0.435546875 0.3115234375 0.08203125 0.19921875
6 0.5625 0.31640625 0.064453125 0.1455078125