0 0.349609375 0.6298828125 0.1474609375 0.1962890625
0 0.611328125 0.6904296875 0.1669921875 0.2255859375
0 0.6484375 0.57421875 0.1318359375 0.1767578125
0 0.6376953125 0.478515625 0.125 0.1611328125
0 0.583984375 0.4580078125 0.0849609375 0.146484375
0 0.30859375 0.8994140625 0.220703125 0.201171875
0 0.6826171875 0.8974609375 0.2041015625 0.205078125
0 0.3828125 0.5576171875 0.1259765625 0.181640625
0 0.3798828125 0.466796875 0.1259765625 0.0869140625
0 0.376953125 0.419921875 0.1142578125 0.0888671875
0 0.4111328125 0.3623046875 0.0908203125 0.12890625
0 0.0302734375 0.3779296875 0.05859375 0.1181640625
0 0.0810546875 0.3525390625 0.07421875 0.1083984375
0 0.1240234375 0.330078125 0.064453125 0.115234375
0 0.17578125 0.3115234375 0.060546875 0.0927734375
1 0.3466796875 0.66796875 0.0390625 0.0185546875
1 0.61328125 0.7333984375 0.0439453125 0.01953125
1 0.69140625 0.990234375 0.05078125 0.0185546875
6 0.62890625 0.32421875 0.0966796875 0.177734375
6 0.4599609375 0.2763671875 0.0546875 0.1328125
6 0.5537109375 0.2998046875 0.0498046875 0.0927734375