0 0.2861328125 0.859375 0.1875 0.26953125
0 0.337890625 0.63671875 0.1259765625 0.1640625
0 0.3837890625 0.5400390625 0.1298828125 0.203125
0 0.39453125 0.408203125 0.09375 0.1103515625
0 0.4111328125 0.3720703125 0.0810546875 0.1103515625
0 0.4345703125 0.349609375 0.064453125 0.1171875
0 0.02734375 0.4111328125 0.05078125 0.1484375
0 0.115234375 0.3359375 0.0751953125 0.130859375
0 0.1962890625 0.3125 0.0595703125 0.08203125
0 0.6728515625 0.8720703125 0.197265625 0.2451171875
0 0.6064453125 0.44140625 0.083984375 0.13671875
0 0.5869140625 0.3701171875 0.0732421875 0.11328125
0 0.748046875 0.390625 0.0966796875 0.12890625
1 0.2822265625 0.9287109375 0.048828125 0.0263671875
1 0.3349609375 0.6865234375 0.0400390625 0.0185546875
1 0.6787109375 0.9462890625 0.0498046875 0.0234375
1 0.6904296875 0.736328125 0.0390625 0.017578125
6 0.6904296875 0.615234375 0.166015625 0.4130859375
6 0.4443359375 0.2958984375 0.0771484375 0.1826171875
6 0.564453125 0.314453125 0.0634765625 0.125