0 0.3154296875 0.7099609375 0.1376953125 0.18359375
0 0.3720703125 0.5888671875 0.146484375 0.224609375
0 0.0546875 0.37890625 0.0791015625 0.1337890625
0 0.021484375 0.4013671875 0.041015625 0.1171875
0 0.1494140625 0.318359375 0.068359375 0.1171875
0 0.220703125 0.30859375 0.0546875 0.0791015625
0 0.7724609375 0.4267578125 0.1044921875 0.14453125
0 0.62109375 0.4765625 0.1162109375 0.15234375
0 0.5966796875 0.3837890625 0.0751953125 0.115234375
0 0.3935546875 0.4443359375 0.1005859375 0.146484375
0 0.4052734375 0.38671875 0.087890625 0.115234375
1 0.7021484375 0.865234375 0.048828125 0.0263671875
1 0.310546875 0.7646484375 0.04296875 0.0234375
1 0.3720703125 0.6337890625 0.0341796875 0.017578125
2 0.775390625 0.46484375 0.0283203125 0.013671875
6 0.69921875 0.71875 0.1884765625 0.4775390625
6 0.4404296875 0.3056640625 0.076171875 0.1943359375
6 0.560546875 0.3154296875 0.06640625 0.138671875