0 0.3017578125 0.818359375 0.1845703125 0.2685546875
0 0.34375 0.6142578125 0.1240234375 0.15234375
0 0.38671875 0.525390625 0.12890625 0.19921875
0 0.1005859375 0.3427734375 0.0830078125 0.130859375
0 0.1884765625 0.3154296875 0.064453125 0.0869140625
0 0.7412109375 0.392578125 0.0966796875 0.130859375
0 0.3974609375 0.384765625 0.087890625 0.0869140625
0 0.412109375 0.3642578125 0.0830078125 0.107421875
0 0.435546875 0.3447265625 0.0615234375 0.1083984375
0 0.6044921875 0.4296875 0.080078125 0.130859375
0 0.5810546875 0.3642578125 0.0703125 0.11328125
0 0.6650390625 0.826171875 0.193359375 0.24609375
1 0.662109375 0.8935546875 0.0390625 0.0224609375
1 0.298828125 0.876953125 0.0458984375 0.025390625
1 0.341796875 0.666015625 0.0390625 0.017578125
6 0.68359375 0.587890625 0.1572265625 0.400390625
6 0.4501953125 0.2958984375 0.07421875 0.1865234375
6 0.5615234375 0.3115234375 0.05859375 0.1220703125