0 0.25 0.9052734375 0.220703125 0.189453125
0 0.3291015625 0.8798828125 0.1611328125 0.2392578125
0 0.0380859375 0.38671875 0.072265625 0.1376953125
0 0.107421875 0.3525390625 0.0771484375 0.1171875
0 0.212890625 0.306640625 0.041015625 0.0751953125
0 0.3662109375 0.65625 0.162109375 0.2138671875
0 0.37890625 0.5087890625 0.1220703125 0.154296875
0 0.4169921875 0.466796875 0.095703125 0.158203125
0 0.3857421875 0.3955078125 0.08984375 0.0654296875
0 0.384765625 0.3544921875 0.0830078125 0.0517578125
0 0.427734375 0.3291015625 0.07421875 0.1123046875
0 0.6728515625 0.818359375 0.193359375 0.3125
0 0.650390625 0.658203125 0.15625 0.19140625
0 0.5947265625 0.5400390625 0.1337890625 0.173828125
0 0.6357421875 0.478515625 0.103515625 0.150390625
0 0.60546875 0.3984375 0.107421875 0.115234375
0 0.572265625 0.3974609375 0.0703125 0.125
0 0.6669921875 0.3232421875 0.0439453125 0.0771484375
1 0.3642578125 0.7021484375 0.0419921875 0.0205078125
1 0.3779296875 0.5400390625 0.033203125 0.0146484375
1 0.673828125 0.8994140625 0.048828125 0.021484375
1 0.587890625 0.5751953125 0.025390625 0.013671875
6 0.6025390625 0.29296875 0.0849609375 0.16015625
6 0.4580078125 0.2822265625 0.048828125 0.1337890625