0 0.0830078125 0.8583984375 0.1533203125 0.2353515625
0 0.2021484375 0.6611328125 0.1650390625 0.1064453125
0 0.296875 0.5888671875 0.0966796875 0.0537109375
0 0.3125 0.5546875 0.0888671875 0.03515625
0 0.3662109375 0.8798828125 0.2412109375 0.22265625
0 0.408203125 0.7275390625 0.16015625 0.115234375
0 0.416015625 0.64453125 0.125 0.068359375
0 0.4296875 0.5869140625 0.0986328125 0.0576171875
0 0.462890625 0.5634765625 0.0810546875 0.0439453125
0 0.654296875 0.6220703125 0.119140625 0.0888671875
0 0.6728515625 0.7119140625 0.15234375 0.1044921875
0 0.78515625 0.8564453125 0.2568359375 0.185546875
3 0.5478515625 0.861328125 0.07421875 0.13671875
3 0.5263671875 0.6376953125 0.04296875 0.0693359375
1 0.3447265625 0.9658203125 0.0517578125 0.0126953125
1 0.8203125 0.9345703125 0.0537109375 0.0126953125
2 0.6923828125 0.7490234375 0.025390625 0.0048828125
5 0.6064453125 0.5576171875 0.1123046875 0.1083984375