0 0.3603515625 0.876953125 0.244140625 0.2158203125
0 0.7880859375 0.8623046875 0.2451171875 0.1875
0 0.1904296875 0.6708984375 0.1640625 0.1162109375
0 0.4052734375 0.7294921875 0.1513671875 0.1103515625
0 0.67578125 0.7138671875 0.158203125 0.1015625
0 0.2841796875 0.5927734375 0.09765625 0.0537109375
0 0.3125 0.556640625 0.0830078125 0.037109375
0 0.345703125 0.5322265625 0.0732421875 0.0390625
0 0.4130859375 0.642578125 0.1279296875 0.0634765625
0 0.6494140625 0.6181640625 0.125 0.0888671875
0 0.4326171875 0.5869140625 0.0927734375 0.0556640625
0 0.4619140625 0.5615234375 0.0830078125 0.037109375
1 0.345703125 0.96875 0.0498046875 0.0126953125
1 0.826171875 0.9404296875 0.0498046875 0.0166015625
1 0.6923828125 0.75 0.03515625 0.01171875
3 0.55078125 0.7666015625 0.0625 0.1015625
5 0.6083984375 0.556640625 0.12890625 0.1083984375