0 0.3662109375 0.8779296875 0.2412109375 0.2197265625
0 0.796875 0.8662109375 0.265625 0.193359375
0 0.669921875 0.716796875 0.134765625 0.1005859375
0 0.6552734375 0.6220703125 0.12109375 0.08984375
0 0.1787109375 0.6708984375 0.16015625 0.1123046875
0 0.283203125 0.5966796875 0.0927734375 0.052734375
0 0.3115234375 0.5595703125 0.08203125 0.04296875
0 0.3466796875 0.5341796875 0.0712890625 0.0341796875
0 0.40625 0.73046875 0.16015625 0.1123046875
0 0.408203125 0.6455078125 0.1220703125 0.0712890625
0 0.4306640625 0.58203125 0.0966796875 0.0517578125
0 0.4599609375 0.5634765625 0.0732421875 0.041015625
1 0.3515625 0.96875 0.05078125 0.015625
1 0.833984375 0.94921875 0.044921875 0.0146484375
1 0.6904296875 0.7490234375 0.02734375 0.0068359375
3 0.5634765625 0.853515625 0.0693359375 0.134765625
5 0.599609375 0.5615234375 0.12109375 0.109375