0 0.099609375 0.8212890625 0.1875 0.2216796875
0 0.2109375 0.6474609375 0.162109375 0.10546875
0 0.298828125 0.58203125 0.099609375 0.0576171875
0 0.3203125 0.5478515625 0.0810546875 0.0361328125
0 0.357421875 0.5166015625 0.056640625 0.0400390625
0 0.3681640625 0.8701171875 0.2490234375 0.208984375
0 0.404296875 0.72265625 0.15234375 0.115234375
0 0.4150390625 0.640625 0.1240234375 0.0712890625
0 0.4326171875 0.5771484375 0.0966796875 0.048828125
0 0.4638671875 0.5556640625 0.0712890625 0.0400390625
0 0.7841796875 0.849609375 0.2548828125 0.185546875
0 0.677734375 0.7041015625 0.1474609375 0.1064453125
0 0.65234375 0.6142578125 0.123046875 0.091796875
1 0.3486328125 0.9609375 0.044921875 0.0146484375
1 0.8212890625 0.9296875 0.0478515625 0.0126953125
2 0.693359375 0.744140625 0.0302734375 0.0087890625
3 0.5400390625 0.7734375 0.080078125 0.1123046875
3 0.5244140625 0.6181640625 0.037109375 0.0625
3 0.5205078125 0.5595703125 0.0263671875 0.04296875
5 0.607421875 0.5517578125 0.126953125 0.1064453125