0 0.255859375 0.89453125 0.2998046875 0.158203125
0 0.40625 0.9462890625 0.33203125 0.107421875
0 0.4755859375 0.7822265625 0.1943359375 0.15234375
0 0.5966796875 0.828125 0.236328125 0.1435546875
0 0.341796875 0.734375 0.1376953125 0.142578125
0 0.353515625 0.6083984375 0.1767578125 0.1064453125
0 0.0810546875 0.51171875 0.1572265625 0.0556640625
0 0.548828125 0.66796875 0.1201171875 0.1171875
0 0.87109375 0.662109375 0.1796875 0.111328125
0 0.3017578125 0.45703125 0.181640625 0.048828125
0 0.4228515625 0.2626953125 0.0791015625 0.029296875
0 0.9501953125 0.3837890625 0.099609375 0.060546875
3 0.1943359375 0.810546875 0.1279296875 0.0751953125
4 0.21484375 0.427734375 0.0859375 0.0537109375
4 0.7177734375 0.3984375 0.068359375 0.0556640625
4 0.560546875 0.373046875 0.068359375 0.0478515625
4 0.3720703125 0.3349609375 0.0517578125 0.0390625
4 0.375 0.291015625 0.0419921875 0.0322265625
4 0.8828125 0.380859375 0.0712890625 0.0556640625
4 0.8447265625 0.33203125 0.0537109375 0.04296875