2 0.154296875 0.63671875 0.05078125 0.048828125
2 0.37109375 0.603515625 0.0458984375 0.041015625
2 0.23828125 0.404296875 0.041015625 0.0390625
2 0.486328125 0.4677734375 0.037109375 0.041015625
2 0.5849609375 0.7822265625 0.044921875 0.0390625
2 0.7958984375 0.7490234375 0.041015625 0.0458984375
2 0.9296875 0.556640625 0.041015625 0.0302734375
2 0.7666015625 0.380859375 0.0283203125 0.0439453125
2 0.6396484375 0.3564453125 0.044921875 0.048828125
3 0.1630859375 0.48828125 0.13671875 0.501953125
3 0.244140625 0.263671875 0.1123046875 0.4814453125
3 0.369140625 0.453125 0.115234375 0.4912109375
3 0.494140625 0.314453125 0.1162109375 0.458984375
3 0.568359375 0.6494140625 0.1240234375 0.4794921875
3 0.6220703125 0.2314453125 0.115234375 0.4541015625
3 0.76171875 0.2158203125 0.1083984375 0.42578125
3 0.7919921875 0.58203125 0.130859375 0.5087890625
3 0.9189453125 0.41796875 0.107421875 0.44921875