0 0.2294921875 0.94140625 0.0869140625 0.0927734375
0 0.2001953125 0.7841796875 0.0439453125 0.0634765625
0 0.0478515625 0.7607421875 0.0458984375 0.056640625
0 0.0888671875 0.71484375 0.041015625 0.046875
0 0.1484375 0.7373046875 0.0322265625 0.0439453125
0 0.1337890625 0.634765625 0.029296875 0.0341796875
0 0.2421875 0.6123046875 0.02734375 0.0341796875
0 0.4599609375 0.6591796875 0.02734375 0.0439453125
0 0.5087890625 0.673828125 0.05078125 0.0634765625
0 0.427734375 0.6328125 0.03125 0.048828125
0 0.408203125 0.6572265625 0.0322265625 0.0439453125
0 0.40234375 0.6064453125 0.0263671875 0.037109375
0 0.35546875 0.943359375 0.080078125 0.1025390625
0 0.341796875 0.8994140625 0.072265625 0.1025390625
0 0.322265625 0.8330078125 0.05078125 0.0732421875
0 0.072265625 0.8564453125 0.0771484375 0.0517578125
0 0.0927734375 0.9150390625 0.060546875 0.0615234375
0 0.1708984375 0.8857421875 0.0703125 0.06640625
0 0.24609375 0.69140625 0.03125 0.048828125
0 0.212890625 0.6484375 0.0361328125 0.037109375
0 0.0625 0.6259765625 0.0263671875 0.037109375
0 0.0771484375 0.79296875 0.0556640625 0.056640625
0 0.05078125 0.953125 0.08203125 0.05859375
0 0.2822265625 0.6357421875 0.0322265625 0.037109375
0 0.40234375 0.81640625 0.0458984375 0.0634765625
0 0.4345703125 0.87890625 0.0556640625 0.0859375
0 0.484375 0.8505859375 0.0439453125 0.0732421875
0 0.5244140625 0.7978515625 0.0458984375 0.06640625
0 0.326171875 0.744140625 0.080078125 0.056640625
0 0.5498046875 0.7119140625 0.03125 0.0517578125
5 0.208984375 0.5576171875 0.0390625 0.0615234375
5 0.4501953125 0.5869140625 0.0732421875 0.0810546875
5 0.6240234375 0.7265625 0.087890625 0.134765625