0 0.5029296875 0.7548828125 0.119140625 0.1669921875
0 0.0771484375 0.3740234375 0.0927734375 0.1201171875
0 0.19140625 0.2705078125 0.05859375 0.0810546875
0 0.666015625 0.8017578125 0.1220703125 0.1767578125
0 0.8916015625 0.6767578125 0.0966796875 0.1572265625
0 0.830078125 0.5673828125 0.107421875 0.1005859375
0 0.79296875 0.265625 0.0634765625 0.1201171875
0 0.953125 0.2646484375 0.0927734375 0.09765625
3 0.7724609375 0.7705078125 0.052734375 0.154296875
3 0.9716796875 0.7109375 0.0478515625 0.15234375
3 0.6787109375 0.5703125 0.041015625 0.115234375
3 0.6123046875 0.5595703125 0.037109375 0.14453125
3 0.7099609375 0.5009765625 0.0341796875 0.1396484375
3 0.837890625 0.390625 0.02734375 0.1103515625
3 0.5419921875 0.2734375 0.03125 0.1103515625
3 0.3525390625 0.5322265625 0.0439453125 0.1279296875
3 0.0576171875 0.6796875 0.0556640625 0.1591796875
4 0.267578125 0.6025390625 0.0869140625 0.1572265625
4 0.0703125 0.58203125 0.091796875 0.134765625
4 0.146484375 0.33203125 0.0537109375 0.10546875
4 0.3525390625 0.880859375 0.111328125 0.2080078125
4 0.65234375 0.6982421875 0.0849609375 0.1669921875
4 0.806640625 0.7001953125 0.0771484375 0.1689453125
4 0.9345703125 0.5234375 0.08203125 0.154296875
4 0.8818359375 0.4501953125 0.0673828125 0.14453125
4 0.712890625 0.279296875 0.072265625 0.09765625
4 0.822265625 0.2919921875 0.048828125 0.0927734375
4 0.8818359375 0.2470703125 0.080078125 0.087890625
4 0.45703125 0.3623046875 0.0654296875 0.1123046875
4 0.44140625 0.259765625 0.0458984375 0.0927734375
4 0.5146484375 0.0966796875 0.0361328125 0.0615234375
3 0.1220703125 0.509765625 0.0322265625 0.1376953125
3 0.48828125 0.2158203125 0.0263671875 0.0830078125
3 0.5732421875 0.212890625 0.0224609375 0.078125
5 0.2890625 0.3828125 0.16015625 0.2890625