0 0.505859375 0.8408203125 0.169921875 0.318359375
0 0.2255859375 0.51953125 0.1044921875 0.181640625
0 0.0400390625 0.2998046875 0.078125 0.1337890625
0 0.3818359375 0.6025390625 0.125 0.2626953125
0 0.236328125 0.2880859375 0.078125 0.1142578125
0 0.33984375 0.2705078125 0.0751953125 0.1337890625
0 0.4140625 0.3505859375 0.0654296875 0.1474609375
0 0.5185546875 0.3798828125 0.0712890625 0.123046875
0 0.4609375 0.4833984375 0.072265625 0.19140625
0 0.126953125 0.0908203125 0.060546875 0.0771484375
0 0.185546875 0.046875 0.04296875 0.0771484375
0 0.6728515625 0.68359375 0.154296875 0.275390625
0 0.9248046875 0.853515625 0.146484375 0.29296875
0 0.86328125 0.6025390625 0.1572265625 0.2080078125
0 0.671875 0.4443359375 0.099609375 0.1689453125
0 0.57421875 0.5361328125 0.0888671875 0.185546875
0 0.59765625 0.29296875 0.078125 0.119140625
0 0.794921875 0.33203125 0.0771484375 0.130859375
0 0.55078125 0.19921875 0.0537109375 0.08984375
0 0.4453125 0.197265625 0.0458984375 0.08984375
0 0.3017578125 0.2275390625 0.044921875 0.091796875
0 0.267578125 0.1923828125 0.044921875 0.09375
0 0.392578125 0.1357421875 0.044921875 0.05859375
0 0.5185546875 0.099609375 0.0390625 0.0537109375
0 0.3369140625 0.1728515625 0.0400390625 0.0537109375
1 0.5380859375 0.9619140625 0.0400390625 0.0224609375
1 0.3837890625 0.7099609375 0.029296875 0.0126953125
2 0.7060546875 0.76953125 0.0302734375 0.0185546875
2 0.578125 0.6064453125 0.0283203125 0.0166015625
2 0.4521484375 0.5478515625 0.0341796875 0.0126953125
3 0.2734375 0.673828125 0.044921875 0.1982421875
3 0.25390625 0.5849609375 0.0341796875 0.1787109375
3 0.384765625 0.2353515625 0.0283203125 0.095703125
3 0.49609375 0.140625 0.0166015625 0.0810546875
4 0.32421875 0.4619140625 0.0625 0.1767578125
4 0.693359375 0.2802734375 0.0458984375 0.130859375
4 0.83984375 0.162109375 0.04296875 0.0830078125
4 0.73828125 0.1455078125 0.033203125 0.091796875
5 0.068359375 0.0537109375 0.1103515625 0.1044921875
5 0.6240234375 0.09765625 0.0810546875 0.1669921875
5 0.70703125 0.0888671875 0.0654296875 0.1357421875
5 0.91796875 0.396484375 0.1640625 0.390625