0 0.3232421875 0.8486328125 0.1357421875 0.21484375
0 0.4423828125 0.8232421875 0.1357421875 0.2421875
0 0.5126953125 0.9619140625 0.1611328125 0.076171875
0 0.63671875 0.6396484375 0.115234375 0.146484375
0 0.3125 0.44140625 0.1337890625 0.080078125
0 0.5146484375 0.46484375 0.1279296875 0.0927734375
0 0.6767578125 0.359375 0.095703125 0.0625
0 0.5537109375 0.3388671875 0.0498046875 0.0625
0 0.505859375 0.302734375 0.0322265625 0.0498046875
0 0.505859375 0.2626953125 0.0224609375 0.033203125
0 0.4609375 0.2646484375 0.0263671875 0.044921875
0 0.4970703125 0.220703125 0.015625 0.029296875
0 0.4619140625 0.197265625 0.0166015625 0.0244140625
2 0.0732421875 0.9423828125 0.0166015625 0.0224609375
2 0.306640625 0.8984375 0.0341796875 0.0185546875
2 0.4326171875 0.8955078125 0.041015625 0.0205078125
2 0.7568359375 0.9521484375 0.0126953125 0.0185546875
3 0.0810546875 0.890625 0.041015625 0.1962890625
3 0.263671875 0.6640625 0.0458984375 0.1533203125
3 0.3701171875 0.642578125 0.05078125 0.14453125
3 0.595703125 0.533203125 0.0244140625 0.1181640625
3 0.716796875 0.5966796875 0.02734375 0.1259765625
3 0.44921875 0.2998046875 0.0126953125 0.044921875
3 0.4755859375 0.2939453125 0.015625 0.0458984375
4 0.2177734375 0.763671875 0.0966796875 0.2021484375
4 0.5810546875 0.7177734375 0.076171875 0.220703125
4 0.66015625 0.90625 0.1240234375 0.1875
6 0.1728515625 0.8671875 0.146484375 0.25390625
6 0.748046875 0.8212890625 0.1337890625 0.3203125