0 0.5166015625 0.9111328125 0.17578125 0.177734375
0 0.5498046875 0.6865234375 0.140625 0.2578125
0 0.7958984375 0.8515625 0.208984375 0.2958984375
0 0.6357421875 0.4697265625 0.10546875 0.1611328125
0 0.7451171875 0.6103515625 0.1318359375 0.216796875
0 0.033203125 0.2998046875 0.064453125 0.1220703125
0 0.392578125 0.2236328125 0.1123046875 0.0869140625
0 0.4521484375 0.0634765625 0.01953125 0.0390625
2 0.5556640625 0.728515625 0.0439453125 0.0205078125
2 0.173828125 0.75390625 0.017578125 0.0224609375
2 0.6279296875 0.4833984375 0.0361328125 0.0185546875
2 0.7607421875 0.6806640625 0.0361328125 0.0166015625
2 0.8212890625 0.9169921875 0.0517578125 0.0263671875
3 0.1884765625 0.716796875 0.064453125 0.251953125
3 0.693359375 0.365234375 0.052734375 0.1337890625
3 0.8017578125 0.3828125 0.0361328125 0.1162109375
4 0.3427734375 0.68359375 0.107421875 0.2626953125
4 0.0634765625 0.2236328125 0.08984375 0.0986328125
4 0.2646484375 0.216796875 0.078125 0.0888671875