0 0.2861328125 0.716796875 0.1376953125 0.244140625
0 0.65234375 0.87890625 0.19140625 0.2421875
0 0.826171875 0.8369140625 0.1572265625 0.2666015625
0 0.6435546875 0.6728515625 0.13671875 0.1904296875
0 0.46875 0.3427734375 0.1767578125 0.099609375
0 0.16796875 0.1845703125 0.07421875 0.0615234375
0 0.294921875 0.169921875 0.064453125 0.0537109375
0 0.6015625 0.25 0.0908203125 0.06640625
0 0.5947265625 0.21484375 0.0791015625 0.0478515625
0 0.3310546875 0.1494140625 0.0361328125 0.0537109375
0 0.40234375 0.1943359375 0.033203125 0.0595703125
0 0.3896484375 0.169921875 0.041015625 0.0478515625
0 0.4951171875 0.1455078125 0.0263671875 0.03515625
0 0.525390625 0.1572265625 0.0322265625 0.037109375
1 0.68359375 0.9599609375 0.0498046875 0.0205078125
2 0.4638671875 0.8876953125 0.0205078125 0.03125
2 0.279296875 0.7490234375 0.0419921875 0.0166015625
2 0.654296875 0.73046875 0.037109375 0.0205078125
2 0.109375 0.7626953125 0.0166015625 0.0185546875
3 0.1162109375 0.7158203125 0.064453125 0.216796875
3 0.279296875 0.5615234375 0.0712890625 0.0888671875
3 0.478515625 0.5029296875 0.0625 0.1240234375
3 0.552734375 0.6796875 0.0341796875 0.1884765625
3 0.734375 0.6328125 0.056640625 0.171875
3 0.96875 0.921875 0.0625 0.14453125
3 0.423828125 0.158203125 0.0107421875 0.04296875
3 0.4638671875 0.1650390625 0.0146484375 0.0478515625
4 0.4482421875 0.203125 0.0341796875 0.064453125
4 0.4482421875 0.1650390625 0.025390625 0.0224609375
6 0.4677734375 0.7470703125 0.1376953125 0.365234375
6 0.505859375 0.205078125 0.052734375 0.0966796875