0 0.4501953125 0.4951171875 0.1298828125 0.1875
0 0.3447265625 0.353515625 0.125 0.1591796875
0 0.4697265625 0.34765625 0.1396484375 0.1533203125
0 0.583984375 0.423828125 0.091796875 0.1630859375
0 0.482421875 0.78125 0.17578125 0.28515625
0 0.6083984375 0.15234375 0.1162109375 0.0908203125
0 0.6533203125 0.1005859375 0.041015625 0.0830078125
0 0.951171875 0.1337890625 0.0654296875 0.0869140625
2 0.3232421875 0.3583984375 0.03125 0.0166015625
2 0.4462890625 0.51171875 0.0283203125 0.0205078125
2 0.591796875 0.4619140625 0.033203125 0.0244140625
2 0.48046875 0.828125 0.0556640625 0.033203125
3 0.87109375 0.3525390625 0.0380859375 0.1611328125
4 0.3212890625 0.2451171875 0.1103515625 0.1318359375