0 0.5830078125 0.4912109375 0.1044921875 0.173828125
0 0.767578125 0.6728515625 0.1494140625 0.2607421875
0 0.6005859375 0.216796875 0.1220703125 0.0849609375
0 0.6865234375 0.1826171875 0.1083984375 0.0830078125
0 0.7763671875 0.19921875 0.0771484375 0.0869140625
0 0.8623046875 0.228515625 0.1455078125 0.1015625
0 0.8642578125 0.1572265625 0.1220703125 0.0810546875
0 0.69140625 0.0400390625 0.021484375 0.0390625
0 0.72265625 0.04296875 0.0341796875 0.044921875
0 0.7568359375 0.0478515625 0.0341796875 0.044921875
2 0.5810546875 0.5087890625 0.0341796875 0.0166015625
3 0.6865234375 0.521484375 0.044921875 0.17578125
4 0.5927734375 0.0712890625 0.0185546875 0.0458984375
4 0.607421875 0.0634765625 0.0185546875 0.0458984375
4 0.62109375 0.05859375 0.0185546875 0.0458984375