0 0.5869140625 0.5029296875 0.1123046875 0.1689453125
0 0.767578125 0.7138671875 0.15625 0.279296875
0 0.546875 0.2177734375 0.119140625 0.076171875
0 0.6513671875 0.1826171875 0.1201171875 0.0908203125
0 0.78515625 0.2255859375 0.140625 0.0966796875
0 0.8017578125 0.15625 0.11328125 0.076171875
0 0.951171875 0.162109375 0.0966796875 0.080078125
0 0.6904296875 0.0380859375 0.0263671875 0.0458984375
0 0.7294921875 0.044921875 0.04296875 0.0390625
2 0.5771484375 0.5224609375 0.037109375 0.0224609375
3 0.6806640625 0.546875 0.0419921875 0.18359375
4 0.591796875 0.0673828125 0.021484375 0.0458984375
4 0.6064453125 0.0634765625 0.021484375 0.0458984375
4 0.6181640625 0.056640625 0.021484375 0.0458984375