0 0.5517578125 0.6904296875 0.14453125 0.2587890625
0 0.513671875 0.87890625 0.1650390625 0.2421875
0 0.7431640625 0.6123046875 0.130859375 0.2275390625
0 0.794921875 0.8505859375 0.2080078125 0.2978515625
0 0.63671875 0.470703125 0.1103515625 0.1669921875
0 0.0498046875 0.197265625 0.0537109375 0.080078125
0 0.17578125 0.2314453125 0.12890625 0.0888671875
0 0.03515625 0.1650390625 0.0595703125 0.0888671875
0 0.0986328125 0.146484375 0.0556640625 0.0517578125
0 0.1298828125 0.13671875 0.05078125 0.0517578125
2 0.20703125 0.671875 0.017578125 0.0185546875
2 0.375 0.7470703125 0.0166015625 0.0205078125
2 0.55078125 0.7294921875 0.03515625 0.0224609375
2 0.5166015625 0.958984375 0.052734375 0.0224609375
2 0.626953125 0.486328125 0.037109375 0.0166015625
2 0.759765625 0.6787109375 0.03515625 0.0205078125
2 0.8173828125 0.9140625 0.05078125 0.0244140625
3 0.2236328125 0.6396484375 0.0517578125 0.2236328125
3 0.505859375 0.40625 0.0498046875 0.146484375
3 0.7998046875 0.390625 0.0361328125 0.1298828125
4 0.34375 0.6767578125 0.1162109375 0.2763671875
4 0.986328125 0.1259765625 0.02734375 0.07421875
4 0.1123046875 0.20703125 0.0732421875 0.0849609375