0 0.5673828125 0.55859375 0.142578125 0.1904296875
0 0.62109375 0.2236328125 0.115234375 0.0888671875
0 0.748046875 0.1787109375 0.12890625 0.0869140625
0 0.67578125 0.0615234375 0.029296875 0.041015625
0 0.6982421875 0.041015625 0.0322265625 0.037109375
0 0.755859375 0.0498046875 0.0361328125 0.037109375
2 0.54296875 0.58203125 0.0400390625 0.0205078125
3 0.8994140625 0.240234375 0.0595703125 0.0869140625
4 0.5927734375 0.0703125 0.01953125 0.0478515625
4 0.6064453125 0.064453125 0.01953125 0.0478515625
4 0.62109375 0.0595703125 0.01953125 0.0478515625