0 0.5498046875 0.6923828125 0.1376953125 0.2626953125
0 0.5126953125 0.8759765625 0.1669921875 0.248046875
0 0.794921875 0.849609375 0.2080078125 0.2998046875
0 0.6357421875 0.4736328125 0.1044921875 0.173828125
0 0.744140625 0.611328125 0.1337890625 0.2255859375
0 0.0322265625 0.2236328125 0.0625 0.099609375
0 0.056640625 0.1982421875 0.0439453125 0.07421875
0 0.13671875 0.1357421875 0.037109375 0.0615234375
0 0.458984375 0.0537109375 0.017578125 0.029296875
2 0.212890625 0.66796875 0.015625 0.0205078125
2 0.375 0.75 0.0146484375 0.0185546875
2 0.517578125 0.9619140625 0.0556640625 0.0244140625
2 0.5537109375 0.7294921875 0.0380859375 0.0224609375
2 0.62890625 0.486328125 0.0322265625 0.0205078125
2 0.7587890625 0.6796875 0.0322265625 0.0146484375
2 0.8134765625 0.9130859375 0.037109375 0.0185546875
3 0.224609375 0.6298828125 0.0537109375 0.22265625
3 0.7138671875 0.3525390625 0.0595703125 0.1318359375
3 0.8037109375 0.3828125 0.0400390625 0.1201171875
4 0.0703125 0.8642578125 0.140625 0.271484375
4 0.3447265625 0.685546875 0.115234375 0.2587890625
4 0.92578125 0.154296875 0.04296875 0.076171875