0 0.5498046875 0.689453125 0.1357421875 0.2607421875
0 0.5126953125 0.87890625 0.166015625 0.2421875
0 0.6357421875 0.4716796875 0.1025390625 0.1611328125
0 0.7392578125 0.6064453125 0.130859375 0.212890625
0 0.796875 0.8515625 0.2099609375 0.2958984375
0 0.0302734375 0.1533203125 0.0576171875 0.0625
0 0.076171875 0.2314453125 0.12890625 0.0927734375
0 0.103515625 0.150390625 0.0498046875 0.0625
0 0.130859375 0.140625 0.0478515625 0.0625
0 0.4580078125 0.0546875 0.021484375 0.0390625
2 0.2119140625 0.6630859375 0.0146484375 0.0185546875
2 0.376953125 0.7509765625 0.017578125 0.0205078125
2 0.5166015625 0.9599609375 0.0517578125 0.02734375
2 0.5556640625 0.7294921875 0.037109375 0.0185546875
2 0.6279296875 0.4853515625 0.03515625 0.0185546875
2 0.7607421875 0.677734375 0.0380859375 0.0224609375
2 0.8193359375 0.9208984375 0.05078125 0.03125
3 0.224609375 0.630859375 0.0498046875 0.2275390625
3 0.6025390625 0.3701171875 0.046875 0.1181640625
3 0.7998046875 0.376953125 0.037109375 0.109375
4 0.341796875 0.6767578125 0.103515625 0.2763671875
4 0.9638671875 0.140625 0.037109375 0.07421875
4 0.03515625 0.19921875 0.060546875 0.076171875