0 0.1875 0.7451171875 0.1748046875 0.24609375
0 0.3564453125 0.5615234375 0.1181640625 0.1630859375
0 0.3515625 0.7783203125 0.1259765625 0.357421875
0 0.560546875 0.53125 0.109375 0.115234375
0 0.6328125 0.693359375 0.115234375 0.2421875
0 0.822265625 0.904296875 0.2763671875 0.1904296875
0 0.6591796875 0.50390625 0.111328125 0.1484375
0 0.5673828125 0.3310546875 0.080078125 0.099609375
0 0.6328125 0.2001953125 0.0615234375 0.0556640625
0 0.736328125 0.2607421875 0.0732421875 0.06640625
0 0.91015625 0.287109375 0.072265625 0.0810546875
2 0.158203125 0.78125 0.041015625 0.0224609375
2 0.3486328125 0.8203125 0.037109375 0.0185546875
2 0.587890625 0.8427734375 0.021484375 0.0224609375
2 0.6435546875 0.71484375 0.0361328125 0.0146484375
3 0.712890625 0.6171875 0.0380859375 0.208984375
3 0.4013671875 0.1806640625 0.0146484375 0.0537109375
3 0.35546875 0.169921875 0.0126953125 0.0458984375
4 0.80859375 0.7080078125 0.1279296875 0.2236328125
4 0.3603515625 0.1328125 0.017578125 0.03125
4 0.64453125 0.35546875 0.0625 0.115234375
4 0.6328125 0.2685546875 0.05078125 0.06640625
5 0.8671875 0.1455078125 0.0556640625 0.0576171875
5 0.90625 0.21484375 0.185546875 0.13671875
6 0.52734375 0.7783203125 0.1552734375 0.3984375