0 0.572265625 0.5439453125 0.138671875 0.18359375
0 0.6494140625 0.2236328125 0.1142578125 0.0947265625
0 0.654296875 0.1767578125 0.1201171875 0.080078125
0 0.7763671875 0.2041015625 0.1162109375 0.0849609375
0 0.8857421875 0.158203125 0.1123046875 0.0947265625
0 0.71484375 0.044921875 0.048828125 0.0458984375
2 0.5517578125 0.568359375 0.0361328125 0.0146484375
3 0.560546875 0.8681640625 0.0712890625 0.2626953125
4 0.591796875 0.0693359375 0.0263671875 0.0498046875
4 0.607421875 0.0654296875 0.0185546875 0.0498046875
4 0.6181640625 0.0546875 0.01953125 0.0458984375