0 0.541015625 0.4033203125 0.1142578125 0.13671875
0 0.7705078125 0.5224609375 0.125 0.2041015625
0 0.53125 0.830078125 0.1708984375 0.3388671875
0 0.603515625 0.216796875 0.154296875 0.0966796875
0 0.6943359375 0.197265625 0.111328125 0.076171875
0 0.787109375 0.2158203125 0.12109375 0.0908203125
0 0.708984375 0.0380859375 0.02734375 0.04296875
0 0.740234375 0.0458984375 0.0478515625 0.037109375
1 0.541015625 0.923828125 0.0517578125 0.0263671875
2 0.564453125 0.4130859375 0.0283203125 0.0224609375
3 0.689453125 0.4482421875 0.0361328125 0.1630859375
4 0.7578125 0.162109375 0.0634765625 0.0576171875
4 0.5947265625 0.0712890625 0.021484375 0.0498046875
4 0.6083984375 0.060546875 0.0205078125 0.04296875
4 0.6220703125 0.0556640625 0.0185546875 0.041015625