0 0.337890625 0.791015625 0.1279296875 0.322265625
0 0.49609375 0.7666015625 0.1240234375 0.2666015625
0 0.611328125 0.5478515625 0.109375 0.1513671875
0 0.4462890625 0.169921875 0.033203125 0.0517578125
0 0.498046875 0.1865234375 0.044921875 0.0498046875
0 0.5830078125 0.19921875 0.0478515625 0.0576171875
1 0.333984375 0.84765625 0.0400390625 0.0166015625
3 0.3369140625 0.5029296875 0.037109375 0.138671875
3 0.408203125 0.5078125 0.0439453125 0.1591796875
3 0.455078125 0.494140625 0.0400390625 0.1484375
3 0.505859375 0.5009765625 0.0439453125 0.1572265625
4 0.1767578125 0.7451171875 0.1064453125 0.2724609375
4 0.482421875 0.87890625 0.12109375 0.2421875
4 0.755859375 0.6416015625 0.0986328125 0.2314453125
4 0.853515625 0.9052734375 0.1806640625 0.1884765625
4 0.3671875 0.1650390625 0.01953125 0.044921875
4 0.927734375 0.2734375 0.0771484375 0.072265625
6 0.927734375 0.1494140625 0.05078125 0.10546875
6 0.408203125 0.16796875 0.04296875 0.080078125
6 0.7958984375 0.255859375 0.1787109375 0.1484375