0 0.287109375 0.71875 0.1376953125 0.248046875
0 0.2021484375 0.3271484375 0.169921875 0.10546875
0 0.65234375 0.87890625 0.19140625 0.2421875
0 0.6455078125 0.677734375 0.14453125 0.1962890625
0 0.8310546875 0.830078125 0.15234375 0.251953125
0 0.5908203125 0.33984375 0.142578125 0.1015625
0 0.169921875 0.181640625 0.0712890625 0.0595703125
0 0.33984375 0.1708984375 0.0576171875 0.0458984375
0 0.330078125 0.1396484375 0.03515625 0.03125
0 0.404296875 0.1875 0.029296875 0.0537109375
0 0.5361328125 0.232421875 0.0791015625 0.064453125
0 0.544921875 0.205078125 0.0654296875 0.0458984375
0 0.662109375 0.2333984375 0.0615234375 0.0517578125
0 0.5361328125 0.15234375 0.029296875 0.0390625
0 0.515625 0.134765625 0.0205078125 0.033203125
1 0.6826171875 0.95703125 0.05078125 0.0263671875
2 0.4638671875 0.8876953125 0.0224609375 0.03125
2 0.279296875 0.7509765625 0.041015625 0.0166015625
1 0.654296875 0.73046875 0.0400390625 0.0205078125
3 0.1396484375 0.650390625 0.05859375 0.2001953125
3 0.4404296875 0.53515625 0.08984375 0.0849609375
3 0.5478515625 0.478515625 0.037109375 0.138671875
3 0.5537109375 0.6806640625 0.0341796875 0.1904296875
3 0.7314453125 0.6298828125 0.0556640625 0.169921875
3 0.6494140625 0.2412109375 0.0380859375 0.0625
3 0.6025390625 0.232421875 0.0322265625 0.0615234375
4 0.43359375 0.193359375 0.017578125 0.0615234375
6 0.4638671875 0.1962890625 0.0498046875 0.0966796875
6 0.466796875 0.75390625 0.1396484375 0.384765625