0 0.3212890625 0.8515625 0.134765625 0.21875
0 0.44140625 0.814453125 0.1337890625 0.2333984375
0 0.5126953125 0.9609375 0.1611328125 0.078125
0 0.63671875 0.6318359375 0.0966796875 0.1591796875
0 0.3505859375 0.4609375 0.11328125 0.0927734375
0 0.3798828125 0.4248046875 0.09375 0.0986328125
0 0.505859375 0.298828125 0.0380859375 0.0576171875
0 0.490234375 0.28515625 0.02734375 0.044921875
0 0.4599609375 0.236328125 0.017578125 0.03125
0 0.505859375 0.23046875 0.0166015625 0.02734375
0 0.4990234375 0.2568359375 0.0185546875 0.02734375
2 0.0712890625 0.9423828125 0.0166015625 0.0146484375
2 0.306640625 0.9013671875 0.041015625 0.0166015625
2 0.4326171875 0.900390625 0.0400390625 0.0224609375
2 0.6435546875 0.642578125 0.02734375 0.0146484375
2 0.7568359375 0.953125 0.0185546875 0.0166015625
3 0.0751953125 0.8955078125 0.0361328125 0.208984375
3 0.26171875 0.6611328125 0.0517578125 0.1337890625
3 0.37109375 0.63671875 0.0537109375 0.1513671875
3 0.6083984375 0.5087890625 0.0537109375 0.10546875
3 0.4404296875 0.2587890625 0.005859375 0.0390625
3 0.466796875 0.2578125 0.013671875 0.037109375
4 0.2158203125 0.7626953125 0.0986328125 0.1923828125
4 0.58203125 0.7001953125 0.0751953125 0.2109375
4 0.6591796875 0.904296875 0.1279296875 0.1904296875
4 0.2587890625 0.482421875 0.0986328125 0.109375
5 0.6943359375 0.419921875 0.2724609375 0.216796875
6 0.169921875 0.875 0.154296875 0.25
6 0.7431640625 0.8173828125 0.1494140625 0.328125