0 0.3876953125 0.330078125 0.1279296875 0.146484375
0 0.4501953125 0.48828125 0.123046875 0.18359375
0 0.48046875 0.623046875 0.1455078125 0.2236328125
0 0.583984375 0.419921875 0.0927734375 0.1650390625
0 0.529296875 0.3056640625 0.111328125 0.140625
0 0.5166015625 0.1611328125 0.099609375 0.0888671875
0 0.640625 0.14453125 0.06640625 0.07421875
0 0.892578125 0.0830078125 0.06640625 0.06640625
2 0.3525390625 0.333984375 0.0244140625 0.0244140625
2 0.484375 0.6484375 0.0439453125 0.0263671875
2 0.587890625 0.46484375 0.0302734375 0.0146484375
3 0.87109375 0.30078125 0.0361328125 0.134765625
3 0.9326171875 0.3046875 0.04296875 0.134765625