0 0.3359375 0.79296875 0.1259765625 0.326171875
0 0.4990234375 0.7626953125 0.134765625 0.2587890625
0 0.6103515625 0.5478515625 0.107421875 0.1513671875
0 0.5009765625 0.19140625 0.0498046875 0.0498046875
0 0.3671875 0.13671875 0.0244140625 0.044921875
0 0.572265625 0.2041015625 0.048828125 0.0556640625
0 0.8779296875 0.1708984375 0.03125 0.0498046875
1 0.3349609375 0.8486328125 0.04296875 0.0166015625
3 0.3330078125 0.501953125 0.0380859375 0.1513671875
3 0.39453125 0.5390625 0.0517578125 0.1591796875
3 0.458984375 0.501953125 0.0419921875 0.14453125
3 0.5068359375 0.4990234375 0.0439453125 0.146484375
3 0.69921875 0.369140625 0.0625 0.11328125
4 0.15234375 0.865234375 0.1318359375 0.2666015625
4 0.4873046875 0.8896484375 0.125 0.220703125
4 0.75390625 0.642578125 0.099609375 0.2333984375
4 0.392578125 0.17578125 0.02734375 0.0517578125
4 0.8466796875 0.2763671875 0.0615234375 0.0810546875
6 0.927734375 0.1513671875 0.0478515625 0.1015625
6 0.453125 0.1875 0.0517578125 0.0830078125