0 0.4794921875 0.326171875 0.083984375 0.078125
0 0.578125 0.29296875 0.0751953125 0.0595703125
0 0.650390625 0.2763671875 0.0537109375 0.0556640625
0 0.6396484375 0.494140625 0.07421875 0.1298828125
0 0.748046875 0.568359375 0.087890625 0.1884765625
0 0.9208984375 0.431640625 0.07421875 0.1259765625
2 0.6435546875 0.5087890625 0.0224609375 0.0205078125
2 0.755859375 0.6015625 0.0283203125 0.0146484375
4 0.5439453125 0.162109375 0.0146484375 0.03125
5 0.810546875 0.1845703125 0.0537109375 0.080078125
5 0.927734375 0.26953125 0.111328125 0.146484375