0 0.5498046875 0.6875 0.138671875 0.25390625
0 0.5126953125 0.9013671875 0.17578125 0.1962890625
0 0.7958984375 0.8515625 0.2099609375 0.2958984375
0 0.7431640625 0.607421875 0.134765625 0.21875
0 0.6357421875 0.46875 0.1044921875 0.1630859375
0 0.0283203125 0.294921875 0.0517578125 0.1279296875
0 0.0869140625 0.21484375 0.0869140625 0.0927734375
0 0.357421875 0.228515625 0.119140625 0.0869140625
0 0.4521484375 0.060546875 0.0205078125 0.03515625
2 0.18359375 0.736328125 0.0166015625 0.0166015625
2 0.3759765625 0.748046875 0.017578125 0.0185546875
2 0.5546875 0.73046875 0.041015625 0.0205078125
2 0.62890625 0.4833984375 0.029296875 0.0185546875
2 0.7587890625 0.6787109375 0.0380859375 0.0166015625
2 0.8154296875 0.9140625 0.0419921875 0.0205078125
3 0.197265625 0.693359375 0.05859375 0.2353515625
3 0.3623046875 0.46875 0.048828125 0.13671875
3 0.712890625 0.36328125 0.0556640625 0.1513671875
3 0.802734375 0.3681640625 0.041015625 0.103515625
4 0.34375 0.685546875 0.1064453125 0.2626953125
4 0.0322265625 0.2138671875 0.060546875 0.0947265625
4 0.2431640625 0.2158203125 0.076171875 0.0947265625