0 0.5087890625 0.861328125 0.1494140625 0.27734375
0 0.3349609375 0.791015625 0.12890625 0.322265625
0 0.611328125 0.55078125 0.1142578125 0.1611328125
0 0.7431640625 0.3427734375 0.1162109375 0.099609375
0 0.8818359375 0.2705078125 0.0927734375 0.0810546875
0 0.380859375 0.162109375 0.0380859375 0.0498046875
1 0.5224609375 0.9140625 0.0478515625 0.0244140625
1 0.3369140625 0.8486328125 0.0439453125 0.0205078125
3 0.2109375 0.8232421875 0.048828125 0.25390625
3 0.2470703125 0.6103515625 0.0517578125 0.1689453125
3 0.169921875 0.328125 0.0615234375 0.0888671875
3 0.505859375 0.49609375 0.0419921875 0.1513671875
3 0.5615234375 0.6845703125 0.05078125 0.18359375
3 0.703125 0.796875 0.0625 0.2392578125
4 0.779296875 0.68359375 0.111328125 0.255859375
4 0.419921875 0.162109375 0.021484375 0.0498046875
6 0.4287109375 0.3349609375 0.17578125 0.1630859375
6 0.6806640625 0.24609375 0.083984375 0.111328125
6 0.9267578125 0.1513671875 0.0439453125 0.107421875