0 0.28515625 0.72265625 0.1376953125 0.251953125
0 0.654296875 0.87890625 0.19140625 0.2421875
0 0.8291015625 0.83984375 0.1533203125 0.2724609375
0 0.64453125 0.673828125 0.1396484375 0.1962890625
0 0.146484375 0.3203125 0.056640625 0.099609375
0 0.490234375 0.3369140625 0.142578125 0.107421875
0 0.1689453125 0.1796875 0.068359375 0.0595703125
0 0.654296875 0.232421875 0.0693359375 0.0576171875
0 0.515625 0.23046875 0.0751953125 0.068359375
0 0.34765625 0.1708984375 0.0537109375 0.0498046875
0 0.3291015625 0.146484375 0.03515625 0.044921875
0 0.4072265625 0.1826171875 0.0302734375 0.0537109375
0 0.498046875 0.1728515625 0.033203125 0.0390625
0 0.5322265625 0.205078125 0.056640625 0.0498046875
0 0.521484375 0.1337890625 0.0185546875 0.03125
0 0.541015625 0.1513671875 0.0283203125 0.0390625
1 0.68359375 0.958984375 0.0478515625 0.0224609375
1 0.65625 0.7314453125 0.0400390625 0.0185546875
2 0.279296875 0.75 0.0380859375 0.0185546875
2 0.4658203125 0.8876953125 0.0224609375 0.03125
3 0.1513671875 0.62890625 0.0625 0.1904296875
3 0.517578125 0.576171875 0.107421875 0.173828125
3 0.5517578125 0.6953125 0.02734375 0.1875
3 0.7333984375 0.634765625 0.0537109375 0.181640625
3 0.5625 0.462890625 0.03515625 0.13671875
3 0.5693359375 0.2236328125 0.02734375 0.064453125
3 0.6123046875 0.236328125 0.0361328125 0.0615234375
6 0.466796875 0.74609375 0.140625 0.3701171875
6 0.4501953125 0.1904296875 0.0400390625 0.0966796875
3 0.9677734375 0.9189453125 0.0634765625 0.1513671875