0 0.244140625 0.7919921875 0.2060546875 0.283203125
0 0.4111328125 0.8525390625 0.201171875 0.294921875
0 0.658203125 0.8173828125 0.1728515625 0.2978515625
0 0.8857421875 0.9111328125 0.216796875 0.177734375
0 0.8525390625 0.71875 0.158203125 0.2255859375
0 0.701171875 0.6328125 0.130859375 0.220703125
0 0.4580078125 0.6513671875 0.12890625 0.18359375
0 0.337890625 0.6044921875 0.171875 0.220703125
0 0.56640625 0.2763671875 0.1689453125 0.1201171875
0 0.8837890625 0.2763671875 0.0751953125 0.10546875
0 0.845703125 0.162109375 0.087890625 0.080078125
0 0.7294921875 0.2177734375 0.0712890625 0.0908203125
0 0.6982421875 0.138671875 0.052734375 0.0625
0 0.6962890625 0.0341796875 0.0263671875 0.03515625
1 0.3828125 0.931640625 0.048828125 0.0185546875
1 0.6416015625 0.876953125 0.0478515625 0.0244140625
2 0.8642578125 0.78125 0.046875 0.0224609375
2 0.6962890625 0.669921875 0.033203125 0.0146484375
2 0.30078125 0.630859375 0.033203125 0.0126953125
3 0.2255859375 0.8876953125 0.0849609375 0.2236328125
3 0.5634765625 0.541015625 0.0556640625 0.1884765625
3 0.65234375 0.5029296875 0.060546875 0.18359375
3 0.7900390625 0.4560546875 0.05078125 0.150390625
3 0.8095703125 0.5048828125 0.048828125 0.1875
3 0.6884765625 0.1845703125 0.041015625 0.080078125
4 0.6103515625 0.0654296875 0.021484375 0.0498046875
4 0.6220703125 0.060546875 0.0166015625 0.0458984375
4 0.6298828125 0.052734375 0.015625 0.04296875
5 0.541015625 0.162109375 0.177734375 0.134765625