0 0.31640625 0.8515625 0.1376953125 0.2109375
0 0.4443359375 0.818359375 0.12890625 0.2294921875
0 0.5126953125 0.9580078125 0.1552734375 0.0830078125
0 0.650390625 0.68359375 0.11328125 0.1630859375
0 0.4326171875 0.4580078125 0.1376953125 0.0908203125
0 0.5732421875 0.44140625 0.1357421875 0.0830078125
0 0.76171875 0.455078125 0.130859375 0.0908203125
0 0.6513671875 0.365234375 0.0771484375 0.0625
0 0.462890625 0.275390625 0.0283203125 0.0390625
0 0.509765625 0.2802734375 0.025390625 0.0458984375
0 0.5244140625 0.328125 0.0419921875 0.0517578125
0 0.4990234375 0.23046875 0.0146484375 0.02734375
0 0.4833984375 0.2158203125 0.0146484375 0.02734375
2 0.30859375 0.8974609375 0.037109375 0.0205078125
2 0.43359375 0.8955078125 0.0361328125 0.0166015625
2 0.7568359375 0.9521484375 0.013671875 0.0185546875
3 0.0771484375 0.8955078125 0.0341796875 0.1982421875
3 0.2626953125 0.66015625 0.0478515625 0.150390625
3 0.3681640625 0.6337890625 0.05078125 0.1533203125
3 0.373046875 0.482421875 0.0634765625 0.0986328125
3 0.4833984375 0.3037109375 0.0146484375 0.044921875
3 0.490234375 0.3359375 0.015625 0.0498046875
3 0.599609375 0.525390625 0.033203125 0.1240234375
3 0.7138671875 0.5966796875 0.0283203125 0.115234375
4 0.21484375 0.7490234375 0.087890625 0.171875
4 0.58203125 0.7275390625 0.080078125 0.2041015625
4 0.662109375 0.9072265625 0.1201171875 0.185546875
6 0.1708984375 0.8759765625 0.15234375 0.248046875
6 0.744140625 0.8232421875 0.1396484375 0.32421875