0 0.44921875 0.4970703125 0.1298828125 0.2021484375
0 0.33984375 0.359375 0.125 0.1513671875
0 0.224609375 0.24609375 0.19140625 0.1513671875
0 0.46484375 0.3486328125 0.1337890625 0.1484375
0 0.583984375 0.416015625 0.091796875 0.1650390625
0 0.48046875 0.9091796875 0.208984375 0.181640625
0 0.4033203125 0.126953125 0.1201171875 0.0869140625
0 0.5078125 0.119140625 0.1279296875 0.0986328125
2 0.3203125 0.3662109375 0.0283203125 0.0224609375
2 0.447265625 0.5126953125 0.0341796875 0.0185546875
3 0.875 0.37109375 0.0419921875 0.1572265625
3 0.9267578125 0.314453125 0.03515625 0.1513671875
3 0.544921875 0.3486328125 0.0400390625 0.150390625
4 0.4130859375 0.2294921875 0.0810546875 0.115234375