0 0.32421875 0.84765625 0.140625 0.216796875
0 0.447265625 0.8125 0.134765625 0.2353515625
0 0.513671875 0.95703125 0.162109375 0.0849609375
0 0.6357421875 0.6298828125 0.1044921875 0.1513671875
0 0.2724609375 0.4658203125 0.0966796875 0.0947265625
0 0.283203125 0.42578125 0.099609375 0.0810546875
0 0.50390625 0.2919921875 0.033203125 0.0498046875
0 0.4873046875 0.2724609375 0.021484375 0.044921875
0 0.458984375 0.236328125 0.0185546875 0.03515625
0 0.50390625 0.2255859375 0.0185546875 0.029296875
2 0.0712890625 0.9453125 0.0166015625 0.0205078125
2 0.30859375 0.9013671875 0.0361328125 0.0244140625
2 0.431640625 0.8974609375 0.041015625 0.0205078125
2 0.6455078125 0.64453125 0.0302734375 0.0107421875
2 0.755859375 0.951171875 0.0166015625 0.0205078125
3 0.0771484375 0.890625 0.044921875 0.20703125
3 0.2607421875 0.6650390625 0.0478515625 0.14453125
3 0.37109375 0.634765625 0.05859375 0.1552734375
3 0.607421875 0.501953125 0.052734375 0.107421875
3 0.4462890625 0.251953125 0.0087890625 0.033203125
3 0.4677734375 0.25390625 0.009765625 0.029296875
4 0.2177734375 0.7587890625 0.095703125 0.1884765625
4 0.5810546875 0.6923828125 0.078125 0.2041015625
4 0.658203125 0.904296875 0.125 0.1904296875
5 0.63671875 0.419921875 0.296875 0.2236328125
6 0.1708984375 0.8740234375 0.146484375 0.251953125
6 0.7431640625 0.826171875 0.1455078125 0.3369140625