0 0.5771484375 0.53515625 0.12890625 0.177734375
0 0.7373046875 0.2236328125 0.115234375 0.0966796875
0 0.5361328125 0.22265625 0.1240234375 0.0927734375
0 0.7353515625 0.169921875 0.125 0.0849609375
0 0.8701171875 0.197265625 0.1279296875 0.076171875
0 0.703125 0.0478515625 0.0400390625 0.0478515625
0 0.751953125 0.046875 0.03515625 0.0458984375
0 0.6044921875 0.2138671875 0.0888671875 0.0830078125
2 0.55859375 0.5595703125 0.0361328125 0.0224609375
3 0.6123046875 0.7353515625 0.0625 0.248046875
4 0.5947265625 0.072265625 0.0166015625 0.0478515625
4 0.609375 0.0615234375 0.0166015625 0.0478515625
4 0.6201171875 0.0576171875 0.0166015625 0.0478515625