0 0.3212890625 0.8486328125 0.13671875 0.21484375
0 0.4462890625 0.81640625 0.13671875 0.2294921875
0 0.509765625 0.962890625 0.16015625 0.07421875
0 0.634765625 0.6240234375 0.1083984375 0.1552734375
0 0.5458984375 0.33203125 0.0615234375 0.064453125
0 0.50390625 0.30859375 0.0283203125 0.0458984375
0 0.4609375 0.25 0.0244140625 0.033203125
0 0.505859375 0.25 0.01953125 0.037109375
0 0.732421875 0.455078125 0.125 0.07421875
2 0.072265625 0.9453125 0.013671875 0.0205078125
2 0.3076171875 0.9033203125 0.041015625 0.0224609375
2 0.4326171875 0.8974609375 0.0361328125 0.0205078125
2 0.607421875 0.7568359375 0.015625 0.0205078125
2 0.6455078125 0.646484375 0.029296875 0.0146484375
2 0.7587890625 0.947265625 0.0146484375 0.0205078125
3 0.0791015625 0.8857421875 0.037109375 0.205078125
3 0.2568359375 0.662109375 0.04296875 0.138671875
3 0.3662109375 0.6357421875 0.0556640625 0.150390625
3 0.7158203125 0.6025390625 0.0322265625 0.11328125
3 0.4375 0.2783203125 0.0107421875 0.0458984375
3 0.4697265625 0.2763671875 0.0146484375 0.04296875
4 0.216796875 0.76171875 0.0966796875 0.1943359375
4 0.58203125 0.6982421875 0.0751953125 0.1962890625
4 0.6591796875 0.9052734375 0.1240234375 0.1884765625
4 0.5126953125 0.455078125 0.0771484375 0.099609375
4 0.5810546875 0.48046875 0.087890625 0.1015625
6 0.1728515625 0.875 0.1455078125 0.24609375
6 0.748046875 0.8173828125 0.1416015625 0.32421875