0 0.2041015625 0.708984375 0.16796875 0.2294921875
0 0.3642578125 0.5341796875 0.11328125 0.150390625
0 0.3525390625 0.7294921875 0.1181640625 0.314453125
0 0.5517578125 0.5087890625 0.0966796875 0.111328125
0 0.6220703125 0.6689453125 0.1005859375 0.2255859375
0 0.8056640625 0.89453125 0.2783203125 0.2109375
0 0.6474609375 0.4912109375 0.099609375 0.1513671875
0 0.5888671875 0.3212890625 0.076171875 0.0986328125
0 0.607421875 0.205078125 0.0595703125 0.0595703125
0 0.9501953125 0.27734375 0.072265625 0.0703125
2 0.17578125 0.7412109375 0.0400390625 0.0166015625
2 0.3544921875 0.7841796875 0.0419921875 0.0166015625
2 0.580078125 0.8095703125 0.021484375 0.037109375
2 0.634765625 0.6953125 0.0361328125 0.0166015625
3 0.7060546875 0.60546875 0.041015625 0.1962890625
3 0.396484375 0.1787109375 0.01171875 0.0615234375
3 0.3544921875 0.1611328125 0.0126953125 0.0478515625
4 0.7880859375 0.68359375 0.1162109375 0.21484375
4 0.6728515625 0.3369140625 0.05859375 0.107421875
4 0.662109375 0.2666015625 0.05078125 0.07421875
4 0.3583984375 0.130859375 0.0126953125 0.03515625
4 0.8310546875 0.1650390625 0.025390625 0.044921875
5 0.919921875 0.2197265625 0.1552734375 0.1279296875
5 0.8662109375 0.1484375 0.046875 0.0625
6 0.5224609375 0.7509765625 0.15234375 0.390625