0 0.333984375 0.7861328125 0.1201171875 0.3095703125
0 0.5048828125 0.83203125 0.1435546875 0.287109375
0 0.6162109375 0.544921875 0.11328125 0.1650390625
0 0.59765625 0.3349609375 0.115234375 0.0966796875
0 0.3740234375 0.15625 0.03125 0.0458984375
0 0.6806640625 0.2138671875 0.0517578125 0.068359375
1 0.3349609375 0.8486328125 0.0458984375 0.0166015625
1 0.5166015625 0.8681640625 0.044921875 0.0224609375
3 0.228515625 0.73046875 0.0498046875 0.216796875
3 0.283203125 0.568359375 0.052734375 0.1513671875
3 0.50390625 0.4951171875 0.0380859375 0.150390625
3 0.5263671875 0.611328125 0.033203125 0.14453125
3 0.6494140625 0.7275390625 0.0537109375 0.21484375
4 0.765625 0.66796875 0.1103515625 0.2421875
4 0.4091796875 0.1591796875 0.0205078125 0.044921875
6 0.2275390625 0.3193359375 0.18359375 0.1611328125
6 0.9296875 0.1484375 0.046875 0.0966796875