0 0.28515625 0.720703125 0.1376953125 0.248046875
0 0.642578125 0.671875 0.1396484375 0.1923828125
0 0.6533203125 0.87890625 0.189453125 0.2421875
0 0.830078125 0.837890625 0.154296875 0.2763671875
0 0.16796875 0.181640625 0.072265625 0.0595703125
0 0.2490234375 0.169921875 0.0654296875 0.0537109375
0 0.33203125 0.150390625 0.0380859375 0.0556640625
0 0.3759765625 0.171875 0.0458984375 0.0478515625
0 0.404296875 0.1962890625 0.0380859375 0.06640625
0 0.6103515625 0.3505859375 0.15234375 0.10546875
0 0.646484375 0.2587890625 0.087890625 0.06640625
0 0.6357421875 0.224609375 0.0810546875 0.0615234375
0 0.486328125 0.1865234375 0.0341796875 0.0576171875
0 0.5185546875 0.16015625 0.0263671875 0.0390625
0 0.4794921875 0.146484375 0.0244140625 0.041015625
1 0.68359375 0.9599609375 0.0478515625 0.02734375
1 0.65625 0.732421875 0.0400390625 0.0205078125
2 0.2802734375 0.7509765625 0.0400390625 0.0205078125
2 0.4658203125 0.88671875 0.0205078125 0.029296875
3 0.1083984375 0.77734375 0.0634765625 0.248046875
3 0.2138671875 0.6337890625 0.052734375 0.185546875
3 0.4052734375 0.544921875 0.0849609375 0.1630859375
3 0.552734375 0.681640625 0.041015625 0.1962890625
3 0.7314453125 0.626953125 0.0517578125 0.1611328125
3 0.966796875 0.923828125 0.0595703125 0.1513671875
4 0.44921875 0.1845703125 0.0224609375 0.0537109375
4 0.4658203125 0.2060546875 0.0419921875 0.0615234375
6 0.4658203125 0.7421875 0.140625 0.3701171875
6 0.537109375 0.2109375 0.0693359375 0.0966796875