0 0.326171875 0.3671875 0.1044921875 0.1650390625
0 0.4560546875 0.3505859375 0.1298828125 0.150390625
0 0.44921875 0.5 0.1259765625 0.20703125
0 0.5859375 0.419921875 0.0947265625 0.1650390625
0 0.474609375 0.1328125 0.10546875 0.072265625
0 0.3798828125 0.23828125 0.142578125 0.138671875
0 0.3916015625 0.09375 0.103515625 0.064453125
2 0.318359375 0.3798828125 0.03515625 0.0146484375
2 0.44921875 0.51171875 0.037109375 0.0205078125
3 0.8837890625 0.3798828125 0.0400390625 0.1591796875
3 0.9287109375 0.3173828125 0.0341796875 0.1201171875
3 0.5322265625 0.3681640625 0.029296875 0.1669921875
4 0.4658203125 0.2080078125 0.052734375 0.11328125
4 0.8994140625 0.16015625 0.0849609375 0.1015625