0 0.2509765625 0.58203125 0.1201171875 0.1904296875
0 0.3974609375 0.4873046875 0.099609375 0.1484375
0 0.3642578125 0.591796875 0.09375 0.220703125
0 0.556640625 0.89453125 0.1923828125 0.2109375
0 0.70703125 0.7724609375 0.1923828125 0.2705078125
0 0.580078125 0.5712890625 0.083984375 0.1982421875
0 0.5361328125 0.4248046875 0.0654296875 0.0986328125
0 0.6533203125 0.423828125 0.0927734375 0.1298828125
0 0.5205078125 0.224609375 0.0615234375 0.0615234375
0 0.701171875 0.2890625 0.0673828125 0.0849609375
0 0.9052734375 0.2373046875 0.076171875 0.0556640625
2 0.2333984375 0.5966796875 0.0302734375 0.0224609375
2 0.365234375 0.623046875 0.0302734375 0.0166015625
2 0.5478515625 0.6865234375 0.015625 0.02734375
2 0.740234375 0.8369140625 0.0400390625 0.0146484375
3 0.0966796875 0.873046875 0.0498046875 0.25390625
3 0.6494140625 0.517578125 0.0341796875 0.17578125
3 0.7880859375 0.67578125 0.0634765625 0.2001953125
3 0.3818359375 0.1552734375 0.009765625 0.0478515625
3 0.3447265625 0.162109375 0.0107421875 0.04296875
3 0.9658203125 0.234375 0.029296875 0.064453125
4 0.7119140625 0.560546875 0.0908203125 0.1572265625
4 0.3544921875 0.119140625 0.013671875 0.0390625
4 0.8115234375 0.283203125 0.05078125 0.07421875
4 0.7939453125 0.2470703125 0.046875 0.080078125
4 0.8330078125 0.16796875 0.021484375 0.0576171875
5 0.87109375 0.1513671875 0.0498046875 0.078125
5 0.50390625 0.6337890625 0.123046875 0.3056640625