0 0.3388671875 0.79296875 0.126953125 0.318359375
0 0.5107421875 0.8466796875 0.15234375 0.2958984375
0 0.6123046875 0.546875 0.11328125 0.1572265625
0 0.6494140625 0.3369140625 0.1142578125 0.0966796875
0 0.375 0.1611328125 0.033203125 0.0517578125
0 0.802734375 0.251953125 0.078125 0.06640625
1 0.3359375 0.8466796875 0.041015625 0.0185546875
1 0.5205078125 0.880859375 0.0458984375 0.0244140625
3 0.2236328125 0.7568359375 0.0537109375 0.2314453125
3 0.26953125 0.583984375 0.052734375 0.1611328125
3 0.5048828125 0.501953125 0.0380859375 0.1513671875
3 0.5380859375 0.6279296875 0.05078125 0.14453125
3 0.6689453125 0.74609375 0.0576171875 0.2255859375
3 0.0380859375 0.3193359375 0.0595703125 0.0908203125
4 0.7685546875 0.6748046875 0.11328125 0.25390625
4 0.416015625 0.1591796875 0.0205078125 0.0517578125
4 0.48828125 0.1875 0.0322265625 0.0458984375
6 0.29296875 0.32421875 0.177734375 0.1552734375
6 0.9267578125 0.15234375 0.0478515625 0.10546875
6 0.6357421875 0.23828125 0.0771484375 0.1015625