0 0.546875 0.685546875 0.1357421875 0.248046875
0 0.51171875 0.87890625 0.166015625 0.2421875
0 0.6318359375 0.4638671875 0.099609375 0.1650390625
0 0.7412109375 0.609375 0.1279296875 0.22265625
0 0.7978515625 0.8505859375 0.2158203125 0.2978515625
0 0.05078125 0.1962890625 0.0537109375 0.078125
0 0.0283203125 0.16015625 0.0537109375 0.072265625
0 0.4599609375 0.048828125 0.0185546875 0.02734375
2 0.2119140625 0.6640625 0.015625 0.0205078125
2 0.11328125 0.94921875 0.0166015625 0.0166015625
2 0.3759765625 0.751953125 0.013671875 0.0185546875
2 0.5166015625 0.958984375 0.052734375 0.029296875
2 0.5556640625 0.7275390625 0.037109375 0.0185546875
2 0.6279296875 0.4853515625 0.0302734375 0.0185546875
2 0.7607421875 0.6787109375 0.0361328125 0.0205078125
2 0.8203125 0.9189453125 0.048828125 0.0263671875
3 0.2255859375 0.6337890625 0.060546875 0.21875
3 0.7822265625 0.3369140625 0.0478515625 0.1259765625
4 0.076171875 0.8447265625 0.140625 0.310546875
4 0.3447265625 0.6865234375 0.111328125 0.2578125
4 0.892578125 0.158203125 0.0458984375 0.0830078125