0 0.208984375 0.6982421875 0.1572265625 0.22265625
0 0.3544921875 0.72265625 0.1181640625 0.330078125
0 0.3681640625 0.5283203125 0.107421875 0.142578125
0 0.548828125 0.501953125 0.099609375 0.111328125
0 0.6181640625 0.6572265625 0.11328125 0.2255859375
0 0.796875 0.88671875 0.2685546875 0.2255859375
0 0.6484375 0.4794921875 0.1005859375 0.13671875
0 0.6025390625 0.3134765625 0.0771484375 0.0986328125
0 0.5966796875 0.20703125 0.060546875 0.0556640625
0 0.783203125 0.248046875 0.0537109375 0.0595703125
2 0.18359375 0.7236328125 0.0361328125 0.0126953125
2 0.353515625 0.76171875 0.0380859375 0.0205078125
2 0.57421875 0.7939453125 0.0205078125 0.0244140625
2 0.6259765625 0.6806640625 0.03125 0.0126953125
3 0.6953125 0.58984375 0.0380859375 0.1943359375
3 0.8994140625 0.8193359375 0.0673828125 0.2236328125
3 0.3525390625 0.1669921875 0.01171875 0.0478515625
3 0.39453125 0.1748046875 0.015625 0.0458984375
4 0.78125 0.669921875 0.1142578125 0.2041015625
4 0.6884765625 0.33203125 0.0576171875 0.109375
4 0.673828125 0.2626953125 0.0498046875 0.0810546875
4 0.357421875 0.1328125 0.015625 0.0390625
4 0.83203125 0.16796875 0.021484375 0.0458984375
5 0.8671875 0.154296875 0.0556640625 0.072265625
5 0.9296875 0.220703125 0.140625 0.13671875
6 0.525390625 0.736328125 0.150390625 0.3759765625