0 0.3369140625 0.7841796875 0.125 0.31640625
0 0.4990234375 0.7666015625 0.12890625 0.2626953125
0 0.61328125 0.55078125 0.115234375 0.1650390625
0 0.5341796875 0.2021484375 0.05078125 0.0595703125
0 0.365234375 0.1435546875 0.0263671875 0.0458984375
0 0.6083984375 0.2080078125 0.05859375 0.0576171875
1 0.3349609375 0.8486328125 0.044921875 0.0205078125
3 0.1015625 0.7783203125 0.0634765625 0.208984375
3 0.3310546875 0.5087890625 0.0380859375 0.150390625
3 0.365234375 0.5576171875 0.0458984375 0.1513671875
3 0.458984375 0.515625 0.0419921875 0.1533203125
3 0.50390625 0.4970703125 0.046875 0.1572265625
3 0.5791015625 0.3466796875 0.0458984375 0.0966796875
3 0.611328125 0.611328125 0.0595703125 0.1630859375
4 0.490234375 0.900390625 0.12890625 0.19921875
4 0.1328125 0.9140625 0.13671875 0.171875
4 0.7529296875 0.642578125 0.1083984375 0.2294921875
4 0.4111328125 0.1875 0.0341796875 0.0615234375
4 0.3896484375 0.15625 0.01953125 0.0458984375
4 0.9453125 0.2978515625 0.0693359375 0.0888671875
4 0.849609375 0.1748046875 0.0205078125 0.0537109375
6 0.4775390625 0.1953125 0.0537109375 0.0830078125
6 0.927734375 0.154296875 0.0498046875 0.10546875