0 0.322265625 0.8505859375 0.1396484375 0.208984375
0 0.4462890625 0.822265625 0.130859375 0.2373046875
0 0.5126953125 0.9599609375 0.171875 0.080078125
0 0.3662109375 0.43359375 0.12109375 0.0927734375
0 0.658203125 0.6953125 0.1064453125 0.1650390625
0 0.6240234375 0.4638671875 0.1474609375 0.0986328125
0 0.763671875 0.447265625 0.1279296875 0.0830078125
0 0.46875 0.28515625 0.029296875 0.044921875
0 0.5146484375 0.298828125 0.03125 0.0537109375
0 0.564453125 0.34375 0.060546875 0.0615234375
0 0.4619140625 0.263671875 0.0283203125 0.0458984375
0 0.4970703125 0.23828125 0.015625 0.03125
2 0.306640625 0.9013671875 0.04296875 0.0185546875
2 0.43359375 0.8984375 0.037109375 0.0185546875
2 0.7548828125 0.9482421875 0.0126953125 0.0146484375
3 0.0830078125 0.8974609375 0.03515625 0.205078125
3 0.2626953125 0.6611328125 0.056640625 0.140625
3 0.369140625 0.6416015625 0.052734375 0.1533203125
3 0.2568359375 0.458984375 0.0595703125 0.0966796875
3 0.3251953125 0.4658203125 0.0595703125 0.0947265625
3 0.5693359375 0.478515625 0.0654296875 0.0947265625
3 0.4990234375 0.3203125 0.01953125 0.0556640625
3 0.5625 0.35546875 0.029296875 0.0595703125
4 0.21875 0.7587890625 0.09765625 0.1982421875
4 0.5810546875 0.75390625 0.076171875 0.22265625
4 0.662109375 0.904296875 0.1201171875 0.1904296875
6 0.169921875 0.875 0.1494140625 0.25
6 0.7431640625 0.8203125 0.1396484375 0.322265625