0 0.3583984375 0.3427734375 0.1318359375 0.1669921875
0 0.48046875 0.3427734375 0.109375 0.173828125
0 0.4521484375 0.486328125 0.1240234375 0.1875
0 0.48828125 0.658203125 0.1435546875 0.2578125
0 0.5830078125 0.41796875 0.0947265625 0.1689453125
0 0.43359375 0.13671875 0.119140625 0.0888671875
0 0.494140625 0.0986328125 0.095703125 0.072265625
0 0.94140625 0.169921875 0.111328125 0.0947265625
2 0.3291015625 0.353515625 0.0263671875 0.0224609375
2 0.4462890625 0.5146484375 0.037109375 0.0146484375
2 0.4833984375 0.67578125 0.048828125 0.0263671875
3 0.869140625 0.3310546875 0.03515625 0.1484375
3 0.9287109375 0.314453125 0.0341796875 0.1484375
4 0.078125 0.2587890625 0.119140625 0.146484375