0 0.3583984375 0.34765625 0.1298828125 0.1533203125
0 0.4912109375 0.3369140625 0.119140625 0.1552734375
0 0.4853515625 0.642578125 0.1533203125 0.244140625
0 0.455078125 0.486328125 0.12890625 0.1904296875
0 0.5869140625 0.4228515625 0.087890625 0.17578125
0 0.44140625 0.1435546875 0.111328125 0.0869140625
0 0.48828125 0.1337890625 0.0791015625 0.0810546875
0 0.5244140625 0.0986328125 0.083984375 0.0703125
2 0.330078125 0.349609375 0.025390625 0.0185546875
2 0.447265625 0.5126953125 0.0302734375 0.0185546875
2 0.4814453125 0.6650390625 0.0439453125 0.0263671875
3 0.8662109375 0.314453125 0.0400390625 0.169921875
3 0.923828125 0.3212890625 0.03515625 0.142578125