0 0.583984375 0.509765625 0.1181640625 0.18359375
0 0.7685546875 0.779296875 0.171875 0.3115234375
0 0.6044921875 0.1865234375 0.111328125 0.080078125
0 0.712890625 0.2236328125 0.1376953125 0.0927734375
0 0.7431640625 0.1640625 0.1123046875 0.0947265625
0 0.8896484375 0.1650390625 0.109375 0.099609375
0 0.947265625 0.2314453125 0.10546875 0.107421875
0 0.6904296875 0.03515625 0.029296875 0.0517578125
0 0.734375 0.0439453125 0.0419921875 0.04296875
2 0.572265625 0.5322265625 0.0380859375 0.0205078125
3 0.6728515625 0.5791015625 0.046875 0.2021484375
4 0.5908203125 0.072265625 0.021484375 0.0517578125
4 0.60546875 0.0615234375 0.01953125 0.041015625
4 0.62109375 0.056640625 0.015625 0.04296875