0 0.28515625 0.71875 0.1376953125 0.244140625
0 0.6533203125 0.87890625 0.193359375 0.2421875
0 0.828125 0.828125 0.154296875 0.2587890625
0 0.6455078125 0.6708984375 0.1416015625 0.1904296875
0 0.1669921875 0.1845703125 0.076171875 0.0615234375
0 0.1865234375 0.16796875 0.0654296875 0.0615234375
0 0.3291015625 0.1474609375 0.03515625 0.0458984375
0 0.349609375 0.1708984375 0.0537109375 0.0576171875
0 0.4169921875 0.203125 0.0478515625 0.072265625
0 0.6767578125 0.2353515625 0.0361328125 0.044921875
0 0.5107421875 0.1650390625 0.0263671875 0.044921875
0 0.466796875 0.1484375 0.029296875 0.037109375
1 0.6826171875 0.9599609375 0.0537109375 0.02734375
2 0.2802734375 0.75 0.0400390625 0.0185546875
2 0.46484375 0.8896484375 0.0224609375 0.02734375
2 0.6552734375 0.7314453125 0.041015625 0.0146484375
2 0.12109375 0.9501953125 0.01953125 0.0224609375
2 0.1611328125 0.7236328125 0.015625 0.0205078125
3 0.119140625 0.875 0.080078125 0.25
3 0.1728515625 0.6845703125 0.0517578125 0.208984375
3 0.2939453125 0.55078125 0.0810546875 0.109375
3 0.5556640625 0.6875 0.0341796875 0.2021484375
3 0.7314453125 0.6318359375 0.0556640625 0.1630859375
3 0.228515625 0.1796875 0.0302734375 0.0556640625
3 0.4755859375 0.205078125 0.0166015625 0.06640625
4 0.4580078125 0.19140625 0.029296875 0.0615234375
4 0.5048828125 0.216796875 0.046875 0.0703125
6 0.60546875 0.2275390625 0.0869140625 0.0927734375
6 0.4677734375 0.7529296875 0.1376953125 0.3837890625