0 0.552734375 0.6943359375 0.14453125 0.2666015625
0 0.509765625 0.875 0.1611328125 0.25
0 0.794921875 0.8505859375 0.21484375 0.2978515625
0 0.7431640625 0.6083984375 0.130859375 0.220703125
0 0.634765625 0.4677734375 0.109375 0.1650390625
0 0.052734375 0.201171875 0.0576171875 0.0869140625
0 0.029296875 0.162109375 0.048828125 0.076171875
2 0.1328125 0.8505859375 0.015625 0.0244140625
2 0.212890625 0.666015625 0.0146484375 0.0166015625
2 0.3759765625 0.75 0.0185546875 0.0224609375
2 0.5517578125 0.7294921875 0.037109375 0.0146484375
2 0.5166015625 0.955078125 0.052734375 0.0263671875
2 0.630859375 0.482421875 0.0361328125 0.0126953125
2 0.759765625 0.677734375 0.0361328125 0.0185546875
2 0.8212890625 0.9189453125 0.0556640625 0.033203125
3 0.22265625 0.630859375 0.0498046875 0.220703125
3 0.7998046875 0.375 0.0361328125 0.10546875
4 0.095703125 0.7734375 0.1357421875 0.3056640625
4 0.341796875 0.6787109375 0.1142578125 0.283203125