0 0.2421875 0.79296875 0.208984375 0.27734375
0 0.4013671875 0.86328125 0.205078125 0.2734375
0 0.6572265625 0.8154296875 0.17578125 0.294921875
0 0.884765625 0.9072265625 0.21484375 0.185546875
0 0.853515625 0.7177734375 0.158203125 0.220703125
0 0.6982421875 0.6328125 0.1318359375 0.220703125
0 0.4580078125 0.6572265625 0.1259765625 0.1962890625
0 0.33984375 0.6044921875 0.171875 0.220703125
0 0.7021484375 0.1923828125 0.111328125 0.0703125
0 0.8984375 0.271484375 0.203125 0.1328125
0 0.6923828125 0.0888671875 0.0302734375 0.0556640625
1 0.373046875 0.962890625 0.046875 0.0263671875
1 0.6416015625 0.8720703125 0.048828125 0.0224609375
1 0.8642578125 0.7822265625 0.0478515625 0.0244140625
2 0.3017578125 0.630859375 0.03515625 0.0126953125
2 0.5546875 0.73828125 0.017578125 0.0205078125
3 0.224609375 0.8916015625 0.0830078125 0.216796875
3 0.5634765625 0.693359375 0.06640625 0.2314453125
3 0.5859375 0.6005859375 0.0595703125 0.2021484375
3 0.80859375 0.505859375 0.05078125 0.177734375
3 0.787109375 0.4541015625 0.0361328125 0.1513671875
3 0.66015625 0.2353515625 0.0498046875 0.0888671875
4 0.611328125 0.0634765625 0.01953125 0.0458984375
4 0.619140625 0.056640625 0.01953125 0.0458984375
4 0.626953125 0.052734375 0.0185546875 0.0458984375
5 0.537109375 0.16015625 0.17578125 0.146484375