0 0.244140625 0.796875 0.205078125 0.287109375
0 0.41015625 0.853515625 0.201171875 0.29296875
0 0.658203125 0.8173828125 0.1728515625 0.2978515625
0 0.8857421875 0.912109375 0.216796875 0.17578125
0 0.8544921875 0.7177734375 0.1611328125 0.2236328125
0 0.6982421875 0.6328125 0.130859375 0.220703125
0 0.458984375 0.6484375 0.125 0.181640625
0 0.337890625 0.599609375 0.1689453125 0.2109375
0 0.517578125 0.2802734375 0.1650390625 0.11328125
0 0.728515625 0.2197265625 0.0771484375 0.0947265625
0 0.822265625 0.158203125 0.09765625 0.0830078125
0 0.837890625 0.2900390625 0.0771484375 0.10546875
0 0.6943359375 0.1337890625 0.05078125 0.0615234375
0 0.6943359375 0.0302734375 0.0205078125 0.03125
1 0.6416015625 0.8740234375 0.048828125 0.029296875
1 0.3818359375 0.9326171875 0.046875 0.0205078125
2 0.865234375 0.783203125 0.0478515625 0.0224609375
2 0.6962890625 0.66796875 0.037109375 0.0205078125
2 0.3017578125 0.6298828125 0.03515625 0.0107421875
3 0.224609375 0.8876953125 0.0849609375 0.2236328125
3 0.5703125 0.53125 0.052734375 0.181640625
3 0.6611328125 0.49609375 0.0634765625 0.173828125
3 0.8125 0.50390625 0.0537109375 0.185546875
3 0.7900390625 0.455078125 0.0419921875 0.1513671875
3 0.689453125 0.1787109375 0.041015625 0.0830078125
4 0.611328125 0.0654296875 0.01953125 0.0458984375
4 0.6201171875 0.056640625 0.0185546875 0.0458984375
4 0.6298828125 0.0537109375 0.0107421875 0.041015625
5 0.5400390625 0.1611328125 0.177734375 0.1484375