0 0.2861328125 0.724609375 0.138671875 0.2646484375
0 0.654296875 0.87890625 0.193359375 0.2421875
0 0.64453125 0.6748046875 0.1416015625 0.1943359375
0 0.826171875 0.833984375 0.1533203125 0.2646484375
0 0.166015625 0.181640625 0.07421875 0.0625
0 0.3408203125 0.169921875 0.0625 0.0556640625
0 0.328125 0.1416015625 0.03515625 0.0390625
0 0.4228515625 0.2060546875 0.0556640625 0.068359375
0 0.494140625 0.185546875 0.0361328125 0.037109375
0 0.51171875 0.1650390625 0.03125 0.041015625
0 0.4951171875 0.1396484375 0.0224609375 0.03515625
0 0.5400390625 0.1513671875 0.033203125 0.0478515625
1 0.68359375 0.958984375 0.0498046875 0.0263671875
1 0.6552734375 0.7314453125 0.0400390625 0.0185546875
2 0.46484375 0.8876953125 0.01953125 0.03125
2 0.279296875 0.75 0.0380859375 0.0224609375
2 0.1572265625 0.7421875 0.01953125 0.0185546875
2 0.126953125 0.990234375 0.02734375 0.01953125
4 0.4638671875 0.1953125 0.0263671875 0.0576171875
4 0.51953125 0.220703125 0.046875 0.0703125
3 0.1259765625 0.892578125 0.0830078125 0.21484375
3 0.166015625 0.705078125 0.05078125 0.2255859375
3 0.2626953125 0.5869140625 0.0810546875 0.169921875
3 0.552734375 0.68359375 0.0380859375 0.1962890625
3 0.7314453125 0.63671875 0.0556640625 0.181640625
3 0.2451171875 0.1826171875 0.03125 0.0537109375
3 0.4853515625 0.2080078125 0.0185546875 0.0537109375
3 0.3916015625 0.1669921875 0.0185546875 0.0478515625
6 0.4658203125 0.748046875 0.140625 0.3779296875
6 0.6259765625 0.2333984375 0.08203125 0.107421875