0 0.3798828125 0.3359375 0.134765625 0.146484375
0 0.451171875 0.4912109375 0.1279296875 0.1875
0 0.482421875 0.6337890625 0.1513671875 0.24609375
0 0.5224609375 0.31640625 0.1142578125 0.1513671875
0 0.5712890625 0.4208984375 0.064453125 0.171875
0 0.50390625 0.1572265625 0.1103515625 0.0927734375
0 0.6240234375 0.1494140625 0.103515625 0.0908203125
0 0.8740234375 0.0810546875 0.0654296875 0.0625
2 0.345703125 0.337890625 0.025390625 0.0205078125
2 0.4814453125 0.64453125 0.0400390625 0.0185546875
3 0.869140625 0.3037109375 0.037109375 0.14453125
3 0.9287109375 0.3076171875 0.037109375 0.14453125