0 0.5498046875 0.6845703125 0.1416015625 0.25390625
0 0.51171875 0.876953125 0.162109375 0.24609375
0 0.6357421875 0.4716796875 0.1083984375 0.171875
0 0.744140625 0.607421875 0.1298828125 0.2109375
0 0.794921875 0.8515625 0.2158203125 0.2958984375
0 0.05078125 0.1962890625 0.0537109375 0.0849609375
0 0.0322265625 0.1572265625 0.0556640625 0.078125
0 0.103515625 0.1513671875 0.0537109375 0.064453125
0 0.134765625 0.1357421875 0.041015625 0.0615234375
2 0.142578125 0.7490234375 0.0146484375 0.0166015625
2 0.212890625 0.6650390625 0.017578125 0.0146484375
2 0.3740234375 0.7509765625 0.017578125 0.0166015625
2 0.5537109375 0.728515625 0.041015625 0.0205078125
2 0.51953125 0.95703125 0.0576171875 0.029296875
2 0.630859375 0.4873046875 0.0341796875 0.0146484375
2 0.7607421875 0.6796875 0.0439453125 0.0224609375
2 0.818359375 0.9130859375 0.0556640625 0.029296875
3 0.2236328125 0.6318359375 0.060546875 0.22265625
3 0.802734375 0.3837890625 0.0361328125 0.11328125
4 0.1103515625 0.6875 0.1123046875 0.2763671875
4 0.3408203125 0.6796875 0.109375 0.27734375
4 0.556640625 0.2119140625 0.068359375 0.0947265625