0 0.55078125 0.6904296875 0.140625 0.2587890625
0 0.5126953125 0.8779296875 0.1650390625 0.244140625
0 0.744140625 0.6064453125 0.134765625 0.220703125
0 0.6337890625 0.46875 0.103515625 0.1630859375
0 0.7958984375 0.8515625 0.20703125 0.2958984375
0 0.0537109375 0.19921875 0.05859375 0.080078125
0 0.0322265625 0.1650390625 0.060546875 0.0810546875
2 0.134765625 0.830078125 0.0205078125 0.0244140625
2 0.2099609375 0.6630859375 0.0146484375 0.0185546875
2 0.3759765625 0.7490234375 0.0146484375 0.0166015625
2 0.552734375 0.728515625 0.0380859375 0.0205078125
2 0.5146484375 0.9580078125 0.060546875 0.0244140625
2 0.630859375 0.484375 0.0361328125 0.0166015625
2 0.7607421875 0.677734375 0.0419921875 0.0185546875
2 0.8193359375 0.91796875 0.0537109375 0.03125
3 0.2216796875 0.6279296875 0.056640625 0.21875
3 0.7998046875 0.3759765625 0.037109375 0.107421875
4 0.09765625 0.7587890625 0.1279296875 0.2998046875
4 0.3427734375 0.6796875 0.11328125 0.27734375
4 0.798828125 0.181640625 0.0517578125 0.0888671875