0 0.552734375 0.6865234375 0.14453125 0.25
0 0.51171875 0.87890625 0.162109375 0.2421875
0 0.798828125 0.853515625 0.2099609375 0.29296875
0 0.7412109375 0.609375 0.126953125 0.21484375
0 0.6376953125 0.470703125 0.1044921875 0.1669921875
0 0.048828125 0.2001953125 0.0556640625 0.0810546875
0 0.03515625 0.1630859375 0.0615234375 0.078125
2 0.1396484375 0.7734375 0.01953125 0.0205078125
2 0.2138671875 0.6650390625 0.0205078125 0.0224609375
2 0.376953125 0.7509765625 0.015625 0.0205078125
2 0.517578125 0.96484375 0.056640625 0.029296875
2 0.5517578125 0.7314453125 0.0400390625 0.0185546875
2 0.626953125 0.4853515625 0.0322265625 0.0263671875
2 0.759765625 0.6767578125 0.037109375 0.0244140625
2 0.818359375 0.9189453125 0.0498046875 0.029296875
3 0.224609375 0.6318359375 0.048828125 0.21875
3 0.8037109375 0.3798828125 0.04296875 0.1220703125
4 0.10546875 0.7080078125 0.115234375 0.287109375
4 0.341796875 0.671875 0.1103515625 0.2666015625
4 0.7001953125 0.1982421875 0.0595703125 0.0927734375