0 0.240234375 0.7919921875 0.2041015625 0.279296875
0 0.4072265625 0.8583984375 0.205078125 0.283203125
0 0.6591796875 0.8134765625 0.173828125 0.291015625
0 0.8837890625 0.91015625 0.2138671875 0.1796875
0 0.8544921875 0.7138671875 0.1591796875 0.220703125
0 0.6982421875 0.634765625 0.1298828125 0.2255859375
0 0.45703125 0.669921875 0.125 0.2236328125
0 0.337890625 0.6015625 0.1650390625 0.21484375
0 0.79296875 0.2763671875 0.18359375 0.1279296875
0 0.9404296875 0.251953125 0.119140625 0.09765625
0 0.708984375 0.1953125 0.1240234375 0.080078125
0 0.689453125 0.083984375 0.0302734375 0.0537109375
1 0.3779296875 0.9453125 0.0478515625 0.0244140625
1 0.6416015625 0.8740234375 0.048828125 0.0224609375
2 0.8642578125 0.7822265625 0.0478515625 0.0244140625
2 0.3037109375 0.630859375 0.0341796875 0.0244140625
3 0.2275390625 0.8896484375 0.080078125 0.220703125
3 0.5595703125 0.6904296875 0.05078125 0.2255859375
3 0.5869140625 0.59375 0.0498046875 0.1982421875
3 0.810546875 0.5068359375 0.048828125 0.1875
3 0.78515625 0.4560546875 0.0361328125 0.1533203125
3 0.6474609375 0.240234375 0.046875 0.0869140625
4 0.6103515625 0.0634765625 0.021484375 0.0498046875
4 0.62109375 0.0576171875 0.0166015625 0.044921875
4 0.6298828125 0.0546875 0.01171875 0.0458984375
5 0.5419921875 0.13671875 0.169921875 0.099609375