0 0.287109375 0.7236328125 0.1376953125 0.25390625
0 0.65234375 0.87890625 0.1953125 0.2421875
0 0.6494140625 0.673828125 0.1474609375 0.1962890625
0 0.8271484375 0.83203125 0.1611328125 0.2578125
0 0.181640625 0.3203125 0.1279296875 0.115234375
0 0.1650390625 0.1826171875 0.07421875 0.0576171875
0 0.3271484375 0.150390625 0.0361328125 0.0517578125
0 0.3681640625 0.1728515625 0.0537109375 0.0537109375
0 0.4716796875 0.216796875 0.0712890625 0.0625
0 0.5712890625 0.220703125 0.0693359375 0.0595703125
0 0.6630859375 0.25390625 0.0654296875 0.0703125
0 0.5185546875 0.1650390625 0.0302734375 0.037109375
1 0.681640625 0.958984375 0.05078125 0.0224609375
2 0.6572265625 0.73046875 0.041015625 0.0244140625
2 0.2802734375 0.7509765625 0.041015625 0.0205078125
2 0.4658203125 0.8896484375 0.0224609375 0.03125
3 0.173828125 0.59375 0.0673828125 0.1875
3 0.5546875 0.6845703125 0.0361328125 0.2021484375
3 0.583984375 0.4345703125 0.03125 0.134765625
3 0.7373046875 0.634765625 0.044921875 0.177734375
3 0.5263671875 0.2216796875 0.0283203125 0.064453125
3 0.609375 0.2314453125 0.03515625 0.0625
4 0.4755859375 0.1650390625 0.0244140625 0.0478515625
6 0.427734375 0.1787109375 0.0419921875 0.0908203125
6 0.4697265625 0.7451171875 0.138671875 0.3720703125