0 0.318359375 0.8505859375 0.1279296875 0.212890625
0 0.4423828125 0.8154296875 0.134765625 0.2275390625
0 0.5146484375 0.9580078125 0.1591796875 0.0830078125
0 0.634765625 0.6455078125 0.1064453125 0.1572265625
0 0.240234375 0.4443359375 0.0869140625 0.0849609375
0 0.42578125 0.4580078125 0.123046875 0.0986328125
0 0.6357421875 0.3525390625 0.0908203125 0.068359375
0 0.53515625 0.33203125 0.041015625 0.0537109375
0 0.50390625 0.298828125 0.0322265625 0.0498046875
0 0.505859375 0.259765625 0.021484375 0.0390625
0 0.4970703125 0.21875 0.0126953125 0.029296875
0 0.4599609375 0.26171875 0.021484375 0.0390625
0 0.4638671875 0.1982421875 0.0146484375 0.0146484375
2 0.0703125 0.943359375 0.017578125 0.0166015625
2 0.30859375 0.9013671875 0.0400390625 0.0244140625
2 0.4326171875 0.89453125 0.0341796875 0.0185546875
2 0.607421875 0.7626953125 0.0126953125 0.0146484375
2 0.6513671875 0.654296875 0.0283203125 0.0166015625
2 0.7587890625 0.9521484375 0.0166015625 0.0146484375
3 0.0791015625 0.8974609375 0.033203125 0.205078125
3 0.2607421875 0.6591796875 0.052734375 0.14453125
3 0.3701171875 0.63671875 0.0634765625 0.1484375
3 0.59765625 0.541015625 0.03515625 0.1181640625
3 0.607421875 0.5048828125 0.0439453125 0.1015625
3 0.71875 0.603515625 0.03125 0.107421875
3 0.443359375 0.298828125 0.0107421875 0.0498046875
3 0.47265625 0.2880859375 0.009765625 0.0390625
3 0.44140625 0.2509765625 0.0126953125 0.03515625
4 0.216796875 0.7626953125 0.0908203125 0.1962890625
4 0.58203125 0.7119140625 0.0791015625 0.212890625
4 0.6591796875 0.90625 0.125 0.1875
4 0.76953125 0.4453125 0.0673828125 0.0869140625
4 0.78515625 0.474609375 0.078125 0.1015625
6 0.1708984375 0.8701171875 0.1494140625 0.248046875
6 0.744140625 0.82421875 0.14453125 0.330078125