0 0.55078125 0.6875 0.1396484375 0.2587890625
0 0.5107421875 0.8759765625 0.162109375 0.248046875
0 0.794921875 0.8505859375 0.212890625 0.2978515625
0 0.7431640625 0.6123046875 0.1298828125 0.2275390625
0 0.6357421875 0.4677734375 0.1025390625 0.1650390625
0 0.0517578125 0.19921875 0.0556640625 0.0830078125
0 0.0322265625 0.1611328125 0.056640625 0.078125
2 0.1298828125 0.8720703125 0.0185546875 0.0185546875
2 0.212890625 0.6640625 0.021484375 0.0166015625
2 0.375 0.7490234375 0.0166015625 0.0166015625
2 0.515625 0.9599609375 0.05859375 0.02734375
2 0.5537109375 0.7275390625 0.0400390625 0.0185546875
2 0.630859375 0.4853515625 0.037109375 0.0224609375
2 0.7607421875 0.677734375 0.03515625 0.0185546875
2 0.81640625 0.919921875 0.048828125 0.02734375
3 0.2255859375 0.630859375 0.060546875 0.2236328125
3 0.7998046875 0.373046875 0.033203125 0.1015625
4 0.0927734375 0.791015625 0.1416015625 0.314453125
4 0.3447265625 0.6728515625 0.1142578125 0.2646484375