0 0.57421875 0.5478515625 0.1455078125 0.1884765625
0 0.5966796875 0.2216796875 0.1083984375 0.0947265625
0 0.6083984375 0.18359375 0.1201171875 0.0810546875
0 0.72265625 0.208984375 0.1162109375 0.0810546875
0 0.8154296875 0.1630859375 0.1044921875 0.0966796875
0 0.9091796875 0.1845703125 0.0771484375 0.0908203125
0 0.9453125 0.228515625 0.109375 0.10546875
0 0.728515625 0.0478515625 0.0537109375 0.0556640625
0 0.6904296875 0.0380859375 0.0263671875 0.0458984375
2 0.548828125 0.572265625 0.03515625 0.0146484375
4 0.5927734375 0.0693359375 0.021484375 0.0498046875
4 0.60546875 0.0654296875 0.021484375 0.0498046875
4 0.6181640625 0.056640625 0.021484375 0.0498046875