0 0.123046875 0.87109375 0.228515625 0.2578125
0 0.33203125 0.6533203125 0.1318359375 0.20703125
0 0.345703125 0.84765625 0.15234375 0.3046875
0 0.5927734375 0.603515625 0.14453125 0.1591796875
0 0.650390625 0.740234375 0.1513671875 0.24609375
0 0.6708984375 0.548828125 0.12109375 0.1796875
0 0.4853515625 0.37109375 0.0830078125 0.109375
0 0.6416015625 0.2763671875 0.0751953125 0.0830078125
0 0.767578125 0.330078125 0.0673828125 0.1015625
1 0.0791015625 0.9462890625 0.048828125 0.0224609375
2 0.345703125 0.9794921875 0.0458984375 0.0224609375
2 0.6748046875 0.76171875 0.041015625 0.0205078125
3 0.7490234375 0.662109375 0.052734375 0.2275390625
3 0.408203125 0.203125 0.0166015625 0.0615234375
3 0.6240234375 0.3017578125 0.033203125 0.0703125
4 0.84765625 0.78515625 0.134765625 0.29296875
4 0.544921875 0.4140625 0.0654296875 0.146484375
4 0.544921875 0.2978515625 0.0556640625 0.0888671875
4 0.36328125 0.1416015625 0.0166015625 0.04296875
4 0.9072265625 0.1630859375 0.02734375 0.0478515625
5 0.8701171875 0.1513671875 0.056640625 0.0595703125
5 0.7998046875 0.2421875 0.173828125 0.169921875
6 0.56640625 0.84375 0.1904296875 0.3125