0 0.5703125 0.5556640625 0.14453125 0.185546875
0 0.5419921875 0.21875 0.109375 0.07421875
0 0.5693359375 0.1962890625 0.1103515625 0.0927734375
0 0.669921875 0.2138671875 0.11328125 0.0869140625
0 0.7529296875 0.1572265625 0.1025390625 0.0966796875
0 0.8388671875 0.193359375 0.076171875 0.0947265625
0 0.8857421875 0.2275390625 0.138671875 0.111328125
0 0.689453125 0.0439453125 0.025390625 0.03125
0 0.7451171875 0.0478515625 0.0537109375 0.044921875
2 0.54296875 0.576171875 0.041015625 0.0185546875
4 0.5927734375 0.0703125 0.01953125 0.0517578125
4 0.607421875 0.06640625 0.017578125 0.0478515625
4 0.62109375 0.0546875 0.015625 0.0390625