0 0.572265625 0.4482421875 0.103515625 0.1484375
0 0.7666015625 0.580078125 0.13671875 0.21875
0 0.60546875 0.212890625 0.1083984375 0.07421875
0 0.732421875 0.1923828125 0.080078125 0.0810546875
0 0.8056640625 0.216796875 0.1357421875 0.0810546875
0 0.87109375 0.1748046875 0.1240234375 0.080078125
0 0.7275390625 0.0458984375 0.04296875 0.044921875
2 0.583984375 0.4580078125 0.03125 0.0166015625
3 0.6923828125 0.4697265625 0.037109375 0.1611328125
4 0.5947265625 0.0673828125 0.017578125 0.0498046875
4 0.6083984375 0.0634765625 0.017578125 0.0498046875
4 0.6240234375 0.0546875 0.017578125 0.0498046875