0 0.5732421875 0.552734375 0.1416015625 0.1943359375
0 0.5693359375 0.22265625 0.10546875 0.0849609375
0 0.587890625 0.1875 0.1162109375 0.0830078125
0 0.6982421875 0.2099609375 0.12109375 0.080078125
0 0.7802734375 0.1572265625 0.103515625 0.099609375
0 0.87890625 0.189453125 0.087890625 0.0908203125
0 0.927734375 0.228515625 0.142578125 0.1015625
0 0.736328125 0.0478515625 0.0537109375 0.0556640625
2 0.5458984375 0.5751953125 0.0361328125 0.0205078125
4 0.591796875 0.068359375 0.021484375 0.0478515625
4 0.60546875 0.0595703125 0.0244140625 0.044921875
4 0.619140625 0.0556640625 0.0244140625 0.044921875