0 0.322265625 0.8486328125 0.1357421875 0.20703125
0 0.4453125 0.8173828125 0.134765625 0.2275390625
0 0.5126953125 0.9599609375 0.16015625 0.080078125
0 0.63671875 0.6328125 0.0986328125 0.150390625
0 0.740234375 0.4541015625 0.142578125 0.0888671875
0 0.681640625 0.41796875 0.095703125 0.10546875
0 0.5029296875 0.27734375 0.03125 0.0556640625
0 0.4833984375 0.2685546875 0.0185546875 0.029296875
0 0.458984375 0.23046875 0.0146484375 0.02734375
0 0.5029296875 0.22265625 0.013671875 0.0263671875
2 0.072265625 0.9462890625 0.0146484375 0.0185546875
2 0.3076171875 0.900390625 0.041015625 0.0263671875
2 0.4326171875 0.8994140625 0.0380859375 0.0244140625
2 0.646484375 0.6455078125 0.02734375 0.0126953125
2 0.7568359375 0.951171875 0.0185546875 0.0205078125
3 0.0810546875 0.89453125 0.0400390625 0.2109375
3 0.25390625 0.6572265625 0.033203125 0.13671875
3 0.3720703125 0.640625 0.0556640625 0.1513671875
3 0.611328125 0.5048828125 0.052734375 0.1015625
3 0.4560546875 0.2470703125 0.0087890625 0.03125
3 0.4677734375 0.24609375 0.0126953125 0.0263671875
4 0.2177734375 0.7568359375 0.091796875 0.1904296875
4 0.5791015625 0.6982421875 0.0751953125 0.2109375
4 0.658203125 0.9033203125 0.1259765625 0.1923828125
5 0.4912109375 0.416015625 0.283203125 0.2236328125
6 0.169921875 0.8759765625 0.1435546875 0.248046875
6 0.744140625 0.8203125 0.1513671875 0.3115234375