0 0.1103515625 0.8837890625 0.21875 0.2314453125
0 0.3232421875 0.6884765625 0.13671875 0.2333984375
0 0.3427734375 0.865234375 0.150390625 0.26953125
0 0.599609375 0.6171875 0.142578125 0.1689453125
0 0.6552734375 0.7646484375 0.154296875 0.27734375
0 0.6669921875 0.556640625 0.1201171875 0.18359375
0 0.46484375 0.38671875 0.0830078125 0.1220703125
0 0.61328125 0.287109375 0.076171875 0.078125
0 0.728515625 0.3427734375 0.0810546875 0.111328125
2 0.3125 0.7099609375 0.03515625 0.0244140625
2 0.6806640625 0.78515625 0.046875 0.0224609375
3 0.9482421875 0.89453125 0.103515625 0.20703125
3 0.7529296875 0.6650390625 0.0498046875 0.2333984375
3 0.4091796875 0.2041015625 0.0146484375 0.0625
3 0.5888671875 0.3115234375 0.0322265625 0.0810546875
4 0.84765625 0.7958984375 0.138671875 0.2890625
4 0.5263671875 0.4365234375 0.0625 0.150390625
4 0.51953125 0.3076171875 0.0576171875 0.103515625
4 0.3671875 0.142578125 0.017578125 0.0478515625
5 0.76953125 0.23046875 0.1767578125 0.1650390625
5 0.869140625 0.154296875 0.048828125 0.0830078125
6 0.580078125 0.8671875 0.212890625 0.2646484375