0 0.3349609375 0.7890625 0.123046875 0.3115234375
0 0.4990234375 0.767578125 0.126953125 0.2646484375
0 0.6083984375 0.548828125 0.109375 0.1611328125
0 0.3662109375 0.138671875 0.0244140625 0.041015625
0 0.5107421875 0.19140625 0.0478515625 0.0615234375
0 0.587890625 0.205078125 0.0517578125 0.0576171875
0 0.8798828125 0.173828125 0.041015625 0.0478515625
1 0.3349609375 0.849609375 0.0458984375 0.0224609375
3 0.333984375 0.501953125 0.0322265625 0.140625
3 0.3857421875 0.544921875 0.052734375 0.169921875
3 0.4541015625 0.5029296875 0.037109375 0.146484375
3 0.505859375 0.498046875 0.0400390625 0.1484375
3 0.6552734375 0.36328125 0.0595703125 0.107421875
4 0.7490234375 0.6435546875 0.1005859375 0.2314453125
4 0.142578125 0.880859375 0.12890625 0.23828125
4 0.4873046875 0.890625 0.123046875 0.21875
4 0.3994140625 0.181640625 0.0322265625 0.0595703125
4 0.8740234375 0.2861328125 0.0654296875 0.0947265625
6 0.9267578125 0.154296875 0.0458984375 0.1015625
6 0.4580078125 0.1923828125 0.052734375 0.0849609375