0 0.3212890625 0.8486328125 0.1357421875 0.2109375
0 0.4404296875 0.8134765625 0.130859375 0.2314453125
0 0.513671875 0.9609375 0.169921875 0.078125
0 0.6337890625 0.6240234375 0.099609375 0.13671875
0 0.6982421875 0.4541015625 0.123046875 0.0888671875
0 0.7734375 0.4169921875 0.0947265625 0.07421875
0 0.5361328125 0.328125 0.0537109375 0.06640625
0 0.498046875 0.3037109375 0.0322265625 0.0478515625
0 0.4599609375 0.2509765625 0.017578125 0.0390625
0 0.50390625 0.2421875 0.0244140625 0.033203125
2 0.0703125 0.9462890625 0.01171875 0.0185546875
2 0.3076171875 0.8994140625 0.0341796875 0.0205078125
2 0.431640625 0.9013671875 0.0380859375 0.0244140625
2 0.7587890625 0.951171875 0.013671875 0.0166015625
2 0.6435546875 0.6435546875 0.021484375 0.0166015625
3 0.0791015625 0.890625 0.0380859375 0.2001953125
3 0.2587890625 0.6611328125 0.0517578125 0.14453125
3 0.3662109375 0.6337890625 0.0595703125 0.1591796875
3 0.6103515625 0.5009765625 0.0458984375 0.1015625
3 0.712890625 0.595703125 0.0322265625 0.1240234375
3 0.4384765625 0.2724609375 0.015625 0.041015625
3 0.470703125 0.2705078125 0.009765625 0.041015625
4 0.2177734375 0.759765625 0.0927734375 0.1982421875
4 0.58203125 0.701171875 0.0693359375 0.220703125
4 0.6611328125 0.904296875 0.1220703125 0.1904296875
4 0.4677734375 0.455078125 0.0830078125 0.0966796875
4 0.5439453125 0.474609375 0.0869140625 0.1015625
6 0.1708984375 0.8759765625 0.1455078125 0.248046875
6 0.7470703125 0.830078125 0.1396484375 0.3310546875