0 0.2607421875 0.5576171875 0.1181640625 0.181640625
0 0.36328125 0.5634765625 0.0810546875 0.2275390625
0 0.404296875 0.474609375 0.0908203125 0.1533203125
0 0.5400390625 0.4052734375 0.06640625 0.107421875
0 0.5712890625 0.548828125 0.083984375 0.1796875
0 0.5439453125 0.8779296875 0.1875 0.244140625
0 0.6884765625 0.73828125 0.1728515625 0.25390625
0 0.6669921875 0.4130859375 0.091796875 0.1298828125
0 0.5029296875 0.2314453125 0.060546875 0.0625
0 0.728515625 0.2783203125 0.0732421875 0.068359375
0 0.9384765625 0.236328125 0.0791015625 0.0537109375
0 0.947265625 0.1708984375 0.0556640625 0.0390625
2 0.24609375 0.56640625 0.0283203125 0.0185546875
2 0.3642578125 0.5966796875 0.025390625 0.0146484375
2 0.5419921875 0.6640625 0.0185546875 0.0244140625
2 0.7158203125 0.79296875 0.0361328125 0.0185546875
2 0.5693359375 0.98828125 0.048828125 0.0234375
3 0.1201171875 0.8271484375 0.0498046875 0.287109375
3 0.7646484375 0.6484375 0.064453125 0.185546875
3 0.380859375 0.154296875 0.0107421875 0.04296875
3 0.345703125 0.1591796875 0.0146484375 0.0556640625
4 0.697265625 0.544921875 0.0849609375 0.1484375
4 0.841796875 0.279296875 0.0498046875 0.0849609375
4 0.8291015625 0.2431640625 0.046875 0.068359375
4 0.833984375 0.1708984375 0.0224609375 0.0498046875
5 0.8662109375 0.154296875 0.0517578125 0.076171875
6 0.501953125 0.6103515625 0.1123046875 0.294921875