0 0.2412109375 0.79296875 0.205078125 0.27734375
0 0.4111328125 0.853515625 0.1982421875 0.29296875
0 0.658203125 0.8125 0.177734375 0.2890625
0 0.8876953125 0.91015625 0.224609375 0.17578125
0 0.85546875 0.71875 0.162109375 0.2255859375
0 0.6982421875 0.6298828125 0.130859375 0.21484375
0 0.4580078125 0.6513671875 0.125 0.1875
0 0.3369140625 0.5986328125 0.169921875 0.208984375
0 0.5849609375 0.28515625 0.1728515625 0.1181640625
0 0.701171875 0.2666015625 0.09765625 0.0927734375
0 0.736328125 0.1953125 0.099609375 0.080078125
0 0.576171875 0.1943359375 0.1025390625 0.0595703125
0 0.6865234375 0.07421875 0.029296875 0.0478515625
1 0.3837890625 0.9287109375 0.0439453125 0.0244140625
1 0.6396484375 0.8740234375 0.0458984375 0.0263671875
1 0.8642578125 0.7822265625 0.046875 0.0205078125
2 0.6943359375 0.669921875 0.03515625 0.0166015625
2 0.5595703125 0.7099609375 0.013671875 0.0166015625
2 0.3017578125 0.6328125 0.03125 0.0166015625
3 0.2265625 0.888671875 0.076171875 0.22265625
3 0.5615234375 0.6669921875 0.0576171875 0.2294921875
3 0.5927734375 0.572265625 0.0556640625 0.2001953125
3 0.8095703125 0.5029296875 0.046875 0.18359375
3 0.7861328125 0.455078125 0.0341796875 0.1572265625
4 0.609375 0.0625 0.0166015625 0.0498046875
4 0.623046875 0.0595703125 0.0126953125 0.0478515625
4 0.62890625 0.0556640625 0.0126953125 0.0478515625
5 0.537109375 0.1474609375 0.1708984375 0.109375