0 0.283203125 0.7177734375 0.134765625 0.25
0 0.6533203125 0.8798828125 0.197265625 0.240234375
0 0.8251953125 0.830078125 0.1611328125 0.2578125
0 0.646484375 0.6767578125 0.142578125 0.1982421875
0 0.3056640625 0.33203125 0.18359375 0.10546875
0 0.6533203125 0.34375 0.0732421875 0.109375
0 0.16796875 0.1806640625 0.07421875 0.0615234375
0 0.32421875 0.1728515625 0.0576171875 0.0537109375
0 0.330078125 0.142578125 0.03515625 0.041015625
0 0.40234375 0.1875 0.0283203125 0.0576171875
0 0.513671875 0.2001953125 0.0263671875 0.0625
0 0.5615234375 0.20703125 0.0712890625 0.0478515625
0 0.5595703125 0.2392578125 0.0810546875 0.0703125
0 0.53515625 0.1533203125 0.03125 0.041015625
0 0.5078125 0.1376953125 0.0263671875 0.02734375
1 0.68359375 0.9580078125 0.0517578125 0.0244140625
1 0.654296875 0.7294921875 0.0380859375 0.0224609375
2 0.2802734375 0.7509765625 0.0400390625 0.0166015625
2 0.46484375 0.8876953125 0.021484375 0.02734375
3 0.1298828125 0.67578125 0.060546875 0.2109375
3 0.3720703125 0.5771484375 0.0888671875 0.1611328125
3 0.52734375 0.4921875 0.046875 0.1484375
3 0.5517578125 0.6767578125 0.03515625 0.1904296875
3 0.7333984375 0.6328125 0.0556640625 0.1689453125
3 0.6396484375 0.2373046875 0.0341796875 0.0625
3 0.96875 0.9208984375 0.05859375 0.1572265625
4 0.4404296875 0.1982421875 0.02734375 0.0625
4 0.4501953125 0.1611328125 0.01953125 0.0263671875
6 0.466796875 0.75 0.1435546875 0.3740234375
6 0.4736328125 0.1982421875 0.052734375 0.0966796875