0 0.2314453125 0.6396484375 0.140625 0.2021484375
0 0.384765625 0.509765625 0.0947265625 0.1611328125
0 0.5341796875 0.4599609375 0.083984375 0.109375
0 0.359375 0.6513671875 0.095703125 0.2646484375
0 0.5986328125 0.62109375 0.0908203125 0.212890625
0 0.568359375 0.9326171875 0.1865234375 0.134765625
0 0.7509765625 0.845703125 0.228515625 0.283203125
0 0.638671875 0.451171875 0.087890625 0.1318359375
0 0.650390625 0.298828125 0.076171875 0.0908203125
0 0.5576171875 0.2177734375 0.05859375 0.0615234375
0 0.841796875 0.24609375 0.07421875 0.0625
2 0.2109375 0.6552734375 0.0341796875 0.0146484375
2 0.3544921875 0.6865234375 0.0302734375 0.0126953125
2 0.560546875 0.7412109375 0.0166015625 0.029296875
2 0.794921875 0.94140625 0.0478515625 0.0205078125
3 0.8505859375 0.76171875 0.0732421875 0.2392578125
3 0.673828125 0.5556640625 0.044921875 0.169921875
3 0.388671875 0.166015625 0.015625 0.0458984375
3 0.349609375 0.1650390625 0.0126953125 0.0478515625
3 0.884765625 0.2412109375 0.029296875 0.064453125
4 0.7490234375 0.619140625 0.103515625 0.1875
4 0.7509765625 0.3125 0.0556640625 0.0869140625
4 0.833984375 0.1689453125 0.0263671875 0.0478515625
4 0.904296875 0.1650390625 0.0205078125 0.044921875
4 0.3564453125 0.1240234375 0.0166015625 0.033203125
5 0.8642578125 0.150390625 0.0537109375 0.0703125
6 0.5087890625 0.6904296875 0.13671875 0.3486328125