0 0.376953125 0.7119140625 0.134765625 0.2314453125
0 0.3955078125 0.271484375 0.11328125 0.0908203125
1 0.3837890625 0.7646484375 0.0419921875 0.0263671875
2 0.21484375 0.6650390625 0.0146484375 0.0185546875
3 0.169921875 0.3662109375 0.03125 0.1162109375
3 0.4462890625 0.2109375 0.0205078125 0.0595703125
3 0.470703125 0.1787109375 0.01171875 0.0458984375
3 0.4912109375 0.1826171875 0.0166015625 0.0498046875
4 0.1865234375 0.611328125 0.0908203125 0.2294921875
4 0.4892578125 0.150390625 0.025390625 0.0517578125
5 0.353515625 0.1328125 0.1259765625 0.10546875
5 0.6279296875 0.203125 0.1396484375 0.138671875