0 0.4501953125 0.4970703125 0.1201171875 0.1943359375
0 0.330078125 0.3740234375 0.107421875 0.1669921875
0 0.5830078125 0.419921875 0.0986328125 0.1689453125
0 0.1982421875 0.2578125 0.169921875 0.1337890625
0 0.453125 0.2177734375 0.1123046875 0.134765625
0 0.5322265625 0.1416015625 0.1337890625 0.10546875
2 0.318359375 0.3828125 0.0341796875 0.0166015625
2 0.447265625 0.51171875 0.0380859375 0.0205078125
2 0.5888671875 0.4609375 0.0322265625 0.0146484375
0 0.4580078125 0.349609375 0.134765625 0.14453125
3 0.8857421875 0.3896484375 0.0439453125 0.1533203125
3 0.9287109375 0.3271484375 0.0341796875 0.146484375
4 0.64453125 0.138671875 0.05859375 0.103515625