0 0.3779296875 0.72265625 0.130859375 0.2412109375
0 0.3369140625 0.265625 0.109375 0.0869140625
1 0.3837890625 0.76953125 0.0400390625 0.0166015625
2 0.21484375 0.666015625 0.017578125 0.0166015625
3 0.1708984375 0.3662109375 0.0341796875 0.115234375
3 0.4697265625 0.2197265625 0.0263671875 0.064453125
3 0.498046875 0.1845703125 0.015625 0.0458984375
4 0.1865234375 0.6015625 0.0947265625 0.2294921875
4 0.4833984375 0.1591796875 0.0205078125 0.0517578125
5 0.333984375 0.1357421875 0.1396484375 0.1015625
5 0.6455078125 0.20703125 0.09765625 0.1337890625