0 0.5498046875 0.6865234375 0.1396484375 0.24609375
0 0.5107421875 0.876953125 0.1650390625 0.24609375
0 0.6357421875 0.46875 0.1083984375 0.1669921875
0 0.744140625 0.6103515625 0.12890625 0.216796875
0 0.7939453125 0.8525390625 0.20703125 0.294921875
0 0.05078125 0.1982421875 0.060546875 0.0810546875
0 0.0322265625 0.1669921875 0.0537109375 0.0849609375
0 0.130859375 0.1376953125 0.044921875 0.0576171875
0 0.1064453125 0.1513671875 0.052734375 0.06640625
2 0.14453125 0.7490234375 0.017578125 0.0166015625
2 0.2138671875 0.666015625 0.015625 0.0166015625
2 0.3759765625 0.7509765625 0.0185546875 0.0205078125
2 0.5517578125 0.7314453125 0.03515625 0.0185546875
2 0.6298828125 0.4873046875 0.0439453125 0.0224609375
2 0.515625 0.958984375 0.0458984375 0.0185546875
2 0.759765625 0.6806640625 0.0341796875 0.0166015625
2 0.8193359375 0.919921875 0.0517578125 0.029296875
3 0.2236328125 0.630859375 0.056640625 0.220703125
3 0.8017578125 0.3779296875 0.0400390625 0.1181640625
4 0.109375 0.685546875 0.1142578125 0.2744140625
4 0.3427734375 0.677734375 0.111328125 0.28515625
4 0.587890625 0.2109375 0.068359375 0.0927734375