0 0.2861328125 0.7197265625 0.1376953125 0.24609375
0 0.65234375 0.87890625 0.19140625 0.2421875
0 0.6455078125 0.6728515625 0.138671875 0.1875
0 0.8251953125 0.8349609375 0.15625 0.2705078125
0 0.1396484375 0.16015625 0.044921875 0.04296875
0 0.1669921875 0.1806640625 0.0751953125 0.0576171875
0 0.3310546875 0.171875 0.0595703125 0.0556640625
0 0.330078125 0.1357421875 0.033203125 0.02734375
0 0.4111328125 0.19140625 0.0341796875 0.04296875
0 0.4267578125 0.2060546875 0.0537109375 0.064453125
0 0.4990234375 0.1943359375 0.033203125 0.0478515625
0 0.6064453125 0.2255859375 0.03515625 0.0478515625
0 0.5068359375 0.1669921875 0.033203125 0.041015625
0 0.49609375 0.142578125 0.02734375 0.029296875
0 0.5400390625 0.1552734375 0.03125 0.0478515625
1 0.68359375 0.9599609375 0.048828125 0.0205078125
1 0.654296875 0.7294921875 0.037109375 0.0224609375
2 0.462890625 0.8876953125 0.021484375 0.02734375
2 0.2783203125 0.7490234375 0.04296875 0.0166015625
2 0.150390625 0.7587890625 0.0185546875 0.0166015625
2 0.748046875 0.6767578125 0.0107421875 0.0166015625
2 0.548828125 0.7314453125 0.0126953125 0.0185546875
3 0.1328125 0.908203125 0.0888671875 0.18359375
3 0.16015625 0.7158203125 0.052734375 0.2236328125
3 0.240234375 0.603515625 0.060546875 0.177734375
3 0.552734375 0.68359375 0.033203125 0.1962890625
3 0.73046875 0.638671875 0.052734375 0.185546875
3 0.9697265625 0.9208984375 0.060546875 0.1533203125
3 0.2607421875 0.1865234375 0.0302734375 0.0498046875
3 0.3837890625 0.16796875 0.01953125 0.0458984375
3 0.4892578125 0.2119140625 0.0244140625 0.0576171875
4 0.466796875 0.197265625 0.03125 0.064453125
4 0.5322265625 0.22265625 0.0478515625 0.0703125
6 0.458984375 0.740234375 0.158203125 0.357421875
6 0.6455078125 0.2294921875 0.0791015625 0.099609375