0 0.2412109375 0.7939453125 0.2099609375 0.279296875
0 0.408203125 0.8564453125 0.2001953125 0.287109375
0 0.658203125 0.8154296875 0.1767578125 0.291015625
0 0.853515625 0.7177734375 0.16015625 0.220703125
0 0.8837890625 0.91015625 0.216796875 0.1796875
0 0.697265625 0.630859375 0.1318359375 0.220703125
0 0.458984375 0.6513671875 0.1279296875 0.1796875
0 0.3359375 0.6005859375 0.16796875 0.216796875
0 0.7392578125 0.27734375 0.1806640625 0.1220703125
0 0.8779296875 0.2587890625 0.10546875 0.099609375
0 0.7177734375 0.1962890625 0.1103515625 0.078125
0 0.6865234375 0.080078125 0.033203125 0.0517578125
1 0.380859375 0.9384765625 0.044921875 0.0224609375
1 0.642578125 0.8759765625 0.048828125 0.0224609375
1 0.8642578125 0.7802734375 0.0478515625 0.0205078125
2 0.30078125 0.6298828125 0.033203125 0.0146484375
2 0.5576171875 0.7314453125 0.01171875 0.0185546875
3 0.2275390625 0.8876953125 0.0810546875 0.2236328125
3 0.5615234375 0.685546875 0.052734375 0.22265625
3 0.5869140625 0.5830078125 0.052734375 0.1923828125
3 0.78515625 0.455078125 0.0322265625 0.1572265625
3 0.8134765625 0.5048828125 0.0478515625 0.17578125
3 0.64453125 0.2373046875 0.046875 0.0888671875
3 0.541015625 0.146484375 0.1669921875 0.111328125
0 0.5751953125 0.1962890625 0.109375 0.0703125
4 0.6103515625 0.0654296875 0.01953125 0.0458984375
4 0.6220703125 0.060546875 0.0146484375 0.04296875
4 0.6298828125 0.0556640625 0.015625 0.044921875