0 0.39453125 0.8388671875 0.15625 0.28125
0 0.14453125 0.22265625 0.056640625 0.0810546875
1 0.3974609375 0.91015625 0.0458984375 0.0205078125
2 0.2138671875 0.66015625 0.013671875 0.0126953125
3 0.1708984375 0.37109375 0.03125 0.1162109375
3 0.2138671875 0.3291015625 0.0673828125 0.11328125
3 0.5830078125 0.3359375 0.060546875 0.1015625
3 0.4326171875 0.1513671875 0.015625 0.0478515625
3 0.568359375 0.208984375 0.025390625 0.0478515625
3 0.5830078125 0.2138671875 0.0283203125 0.0615234375
3 0.6083984375 0.2099609375 0.033203125 0.0576171875
3 0.662109375 0.2607421875 0.0439453125 0.0810546875
4 0.185546875 0.6025390625 0.0849609375 0.2275390625
4 0.4736328125 0.1787109375 0.0263671875 0.0615234375
5 0.197265625 0.134765625 0.1591796875 0.111328125