0 0.3388671875 0.7880859375 0.126953125 0.3203125
0 0.49609375 0.765625 0.1240234375 0.2607421875
0 0.611328125 0.548828125 0.1123046875 0.1611328125
0 0.4833984375 0.1865234375 0.0419921875 0.0498046875
0 0.546875 0.1953125 0.0517578125 0.0498046875
0 0.6611328125 0.2158203125 0.0458984375 0.0498046875
0 0.87890625 0.1767578125 0.0322265625 0.0458984375
1 0.3330078125 0.8466796875 0.0439453125 0.0185546875
3 0.3330078125 0.505859375 0.0400390625 0.1513671875
3 0.4013671875 0.5263671875 0.041015625 0.1591796875
3 0.455078125 0.5009765625 0.037109375 0.1533203125
3 0.505859375 0.4990234375 0.04296875 0.142578125
3 0.513671875 0.2060546875 0.015625 0.0498046875
4 0.1572265625 0.84375 0.1240234375 0.3095703125
4 0.4833984375 0.8828125 0.115234375 0.234375
4 0.75390625 0.6376953125 0.0986328125 0.2236328125
4 0.380859375 0.1748046875 0.0185546875 0.0537109375
4 0.796875 0.26953125 0.0537109375 0.0869140625
6 0.921875 0.2763671875 0.15625 0.169921875
6 0.4365234375 0.1845703125 0.0458984375 0.080078125
6 0.9306640625 0.1513671875 0.046875 0.0986328125