0 0.3173828125 0.8525390625 0.130859375 0.208984375
0 0.4443359375 0.8154296875 0.1318359375 0.2275390625
0 0.5166015625 0.9609375 0.1591796875 0.078125
0 0.6533203125 0.681640625 0.099609375 0.1669921875
0 0.470703125 0.455078125 0.142578125 0.0849609375
0 0.6083984375 0.4404296875 0.1298828125 0.078125
0 0.6708984375 0.3671875 0.076171875 0.0576171875
0 0.779296875 0.4521484375 0.1005859375 0.115234375
0 0.46484375 0.279296875 0.03125 0.041015625
0 0.5322265625 0.326171875 0.046875 0.0556640625
0 0.5107421875 0.287109375 0.0244140625 0.044921875
0 0.498046875 0.232421875 0.015625 0.0244140625
0 0.4638671875 0.2529296875 0.0263671875 0.0390625
2 0.3076171875 0.900390625 0.0361328125 0.0224609375
2 0.4326171875 0.900390625 0.037109375 0.0146484375
2 0.7587890625 0.9541015625 0.0166015625 0.0224609375
3 0.0849609375 0.8837890625 0.0380859375 0.171875
3 0.2646484375 0.6650390625 0.0517578125 0.13671875
3 0.3671875 0.63671875 0.048828125 0.1513671875
3 0.412109375 0.4814453125 0.068359375 0.099609375
3 0.607421875 0.5244140625 0.0439453125 0.1337890625
3 0.71484375 0.5947265625 0.029296875 0.1259765625
3 0.5009765625 0.34375 0.0205078125 0.0498046875
3 0.486328125 0.306640625 0.0166015625 0.0458984375
4 0.21484375 0.75390625 0.091796875 0.181640625
4 0.580078125 0.736328125 0.072265625 0.216796875
4 0.6640625 0.904296875 0.1240234375 0.1904296875
6 0.1708984375 0.873046875 0.14453125 0.25390625
6 0.748046875 0.8193359375 0.1396484375 0.3203125