0 0.451171875 0.4951171875 0.1298828125 0.1982421875
0 0.3466796875 0.3583984375 0.1240234375 0.1611328125
0 0.466796875 0.3486328125 0.123046875 0.140625
0 0.583984375 0.4208984375 0.0908203125 0.1650390625
0 0.486328125 0.82421875 0.1845703125 0.318359375
0 0.560546875 0.1474609375 0.1181640625 0.0908203125
0 0.4306640625 0.09375 0.1044921875 0.068359375
0 0.640625 0.1181640625 0.0771484375 0.0888671875
0 0.931640625 0.138671875 0.1162109375 0.0810546875
2 0.32421875 0.3603515625 0.0283203125 0.0205078125
2 0.478515625 0.8681640625 0.0556640625 0.0263671875
2 0.4462890625 0.513671875 0.033203125 0.0126953125
2 0.587890625 0.462890625 0.0322265625 0.0224609375
3 0.873046875 0.357421875 0.0341796875 0.1591796875
4 0.345703125 0.234375 0.1025390625 0.134765625