0 0.384765625 0.7978515625 0.1513671875 0.2666015625
0 0.1630859375 0.2275390625 0.08984375 0.0849609375
1 0.39453125 0.8603515625 0.04296875 0.0205078125
2 0.21484375 0.6630859375 0.013671875 0.0107421875
3 0.1572265625 0.3291015625 0.072265625 0.11328125
3 0.1708984375 0.3662109375 0.029296875 0.115234375
3 0.4970703125 0.337890625 0.0556640625 0.1015625
3 0.6103515625 0.2490234375 0.03515625 0.068359375
3 0.48828125 0.166015625 0.01171875 0.0498046875
3 0.5478515625 0.205078125 0.02734375 0.0595703125
3 0.5791015625 0.2041015625 0.02734375 0.0517578125
4 0.185546875 0.6005859375 0.087890625 0.2314453125
4 0.470703125 0.1748046875 0.02734375 0.0615234375
5 0.2236328125 0.1337890625 0.1689453125 0.107421875