0 0.4501953125 0.4951171875 0.1240234375 0.1982421875
0 0.3408203125 0.359375 0.125 0.14453125
0 0.130859375 0.2548828125 0.216796875 0.1533203125
0 0.4658203125 0.3505859375 0.1376953125 0.1572265625
0 0.5869140625 0.4248046875 0.095703125 0.171875
0 0.4833984375 0.8466796875 0.19140625 0.2958984375
0 0.5224609375 0.140625 0.1220703125 0.0927734375
0 0.6181640625 0.1220703125 0.115234375 0.0888671875
0 0.8828125 0.13671875 0.111328125 0.0849609375
2 0.4794921875 0.9150390625 0.0576171875 0.0263671875
2 0.322265625 0.361328125 0.03515625 0.0185546875
2 0.44921875 0.509765625 0.033203125 0.0166015625
3 0.8701171875 0.357421875 0.0302734375 0.169921875
4 0.3642578125 0.2314453125 0.087890625 0.1220703125