0 0.3369140625 0.7890625 0.126953125 0.326171875
0 0.521484375 0.8857421875 0.162109375 0.2275390625
0 0.6123046875 0.5478515625 0.1142578125 0.1552734375
0 0.904296875 0.3505859375 0.1103515625 0.1015625
0 0.3994140625 0.1728515625 0.0439453125 0.0458984375
0 0.529296875 0.1865234375 0.0517578125 0.0576171875
0 0.8759765625 0.1728515625 0.0302734375 0.0458984375
1 0.3359375 0.8505859375 0.04296875 0.0205078125
1 0.5322265625 0.982421875 0.0498046875 0.0205078125
3 0.2158203125 0.6728515625 0.052734375 0.1943359375
3 0.5068359375 0.4990234375 0.0380859375 0.142578125
3 0.6103515625 0.7783203125 0.064453125 0.2314453125
3 0.77734375 0.892578125 0.0810546875 0.21484375
3 0.369140625 0.337890625 0.0595703125 0.0869140625
3 0.3427734375 0.1328125 0.0068359375 0.03125
4 0.79296875 0.708984375 0.119140625 0.2587890625
4 0.4365234375 0.1728515625 0.025390625 0.0537109375
4 0.3583984375 0.109375 0.0107421875 0.033203125
4 0.578125 0.2041015625 0.03515625 0.0625
4 0.84765625 0.1748046875 0.0244140625 0.0537109375
6 0.6416015625 0.3505859375 0.1787109375 0.1689453125
6 0.8095703125 0.2578125 0.0947265625 0.107421875
6 0.927734375 0.1474609375 0.05078125 0.0986328125