0 0.3125 0.734375 0.1474609375 0.24609375
0 0.095703125 0.91796875 0.19140625 0.1640625
0 0.62109375 0.6357421875 0.15625 0.171875
0 0.6728515625 0.7900390625 0.16015625 0.2724609375
0 0.6728515625 0.5556640625 0.1220703125 0.173828125
0 0.43359375 0.40625 0.087890625 0.1279296875
0 0.669921875 0.3701171875 0.0830078125 0.1181640625
0 0.5751953125 0.29296875 0.0712890625 0.078125
2 0.2998046875 0.7646484375 0.0400390625 0.0185546875
2 0.701171875 0.8212890625 0.0439453125 0.0126953125
3 0.4111328125 0.216796875 0.017578125 0.0625
3 0.3681640625 0.1845703125 0.0126953125 0.0537109375
4 0.5048828125 0.4736328125 0.0615234375 0.1650390625
4 0.4794921875 0.3193359375 0.060546875 0.10546875
4 0.8564453125 0.810546875 0.1396484375 0.3017578125
4 0.369140625 0.1474609375 0.0185546875 0.0390625
4 0.904296875 0.1689453125 0.0205078125 0.044921875
4 0.8330078125 0.16796875 0.025390625 0.0458984375
5 0.7275390625 0.2470703125 0.173828125 0.1611328125
5 0.8681640625 0.1552734375 0.052734375 0.0810546875
6 0.6064453125 0.91015625 0.2197265625 0.1796875