0 0.39453125 0.8583984375 0.1650390625 0.283203125
0 0.13671875 0.2177734375 0.0400390625 0.0830078125
1 0.40234375 0.939453125 0.0458984375 0.0244140625
2 0.2138671875 0.662109375 0.015625 0.0166015625
3 0.173828125 0.3740234375 0.0361328125 0.1220703125
3 0.2392578125 0.330078125 0.07421875 0.115234375
3 0.421875 0.154296875 0.0166015625 0.04296875
3 0.626953125 0.3408203125 0.0595703125 0.103515625
3 0.58203125 0.2119140625 0.0146484375 0.0537109375
3 0.6025390625 0.2216796875 0.0283203125 0.0615234375
4 0.1865234375 0.6015625 0.087890625 0.22265625
4 0.4755859375 0.1796875 0.0224609375 0.0625
5 0.19140625 0.1357421875 0.1494140625 0.1201171875