0 0.3359375 0.7861328125 0.134765625 0.3125
0 0.5029296875 0.794921875 0.1337890625 0.2705078125
0 0.6142578125 0.548828125 0.1201171875 0.1689453125
0 0.3642578125 0.3232421875 0.1181640625 0.0986328125
0 0.63671875 0.2236328125 0.0625 0.072265625
0 0.3671875 0.1484375 0.0302734375 0.044921875
0 0.5947265625 0.197265625 0.04296875 0.0576171875
0 0.4873046875 0.1787109375 0.0361328125 0.0537109375
0 0.875 0.169921875 0.029296875 0.04296875
1 0.3369140625 0.8486328125 0.0439453125 0.0205078125
2 0.5107421875 0.8203125 0.04296875 0.0185546875
3 0.2890625 0.6328125 0.046875 0.1875
3 0.328125 0.5302734375 0.0439453125 0.150390625
3 0.4873046875 0.564453125 0.044921875 0.1591796875
3 0.5126953125 0.494140625 0.0439453125 0.13671875
3 0.5908203125 0.64453125 0.0556640625 0.1923828125
3 0.4521484375 0.310546875 0.0244140625 0.0908203125
4 0.9580078125 0.3125 0.083984375 0.0986328125
4 0.7529296875 0.646484375 0.10546875 0.2294921875
4 0.4677734375 0.205078125 0.0380859375 0.0595703125
4 0.423828125 0.1669921875 0.02734375 0.0478515625
4 0.400390625 0.1513671875 0.0263671875 0.0498046875
6 0.92578125 0.154296875 0.0498046875 0.109375
6 0.5419921875 0.21484375 0.06640625 0.0966796875