0 0.576171875 0.5390625 0.1396484375 0.181640625
0 0.556640625 0.2138671875 0.1044921875 0.068359375
0 0.6787109375 0.224609375 0.1162109375 0.0947265625
0 0.6796875 0.171875 0.115234375 0.07421875
0 0.8076171875 0.205078125 0.12109375 0.0849609375
0 0.8994140625 0.1513671875 0.0634765625 0.1015625
0 0.708984375 0.0439453125 0.0439453125 0.0537109375
0 0.759765625 0.046875 0.0283203125 0.0458984375
2 0.552734375 0.5625 0.033203125 0.0205078125
3 0.5771484375 0.826171875 0.0751953125 0.2587890625
4 0.5927734375 0.0673828125 0.01953125 0.0498046875
4 0.60546875 0.0634765625 0.01953125 0.0498046875
4 0.62109375 0.056640625 0.01953125 0.0498046875