0 0.3349609375 0.7841796875 0.125 0.3095703125
0 0.5 0.8046875 0.1396484375 0.279296875
0 0.6123046875 0.548828125 0.1162109375 0.1611328125
0 0.4619140625 0.328125 0.1103515625 0.0888671875
0 0.470703125 0.203125 0.0361328125 0.0458984375
0 0.369140625 0.1513671875 0.0322265625 0.0478515625
0 0.6240234375 0.205078125 0.0498046875 0.0595703125
0 0.6845703125 0.236328125 0.0712890625 0.068359375
0 0.87890625 0.1767578125 0.0322265625 0.0498046875
1 0.333984375 0.8486328125 0.0419921875 0.0185546875
1 0.5146484375 0.837890625 0.0439453125 0.0166015625
3 0.2626953125 0.669921875 0.0517578125 0.2041015625
3 0.314453125 0.5439453125 0.046875 0.146484375
3 0.4990234375 0.583984375 0.044921875 0.150390625
3 0.607421875 0.6708984375 0.0615234375 0.1982421875
3 0.505859375 0.4951171875 0.04296875 0.138671875
4 0.7568359375 0.6513671875 0.103515625 0.2412109375
4 0.4892578125 0.203125 0.0361328125 0.0615234375
4 0.443359375 0.1728515625 0.0263671875 0.0537109375
4 0.4033203125 0.150390625 0.0224609375 0.044921875
4 0.84765625 0.173828125 0.03125 0.044921875
4 0.044921875 0.3125 0.0849609375 0.1650390625
4 0.5673828125 0.220703125 0.0654296875 0.0888671875
4 0.927734375 0.1513671875 0.048828125 0.099609375