0 0.3193359375 0.8486328125 0.13671875 0.2021484375
0 0.4443359375 0.8125 0.12890625 0.2275390625
0 0.5126953125 0.9619140625 0.154296875 0.076171875
0 0.3271484375 0.435546875 0.1123046875 0.0888671875
0 0.658203125 0.69140625 0.1103515625 0.1611328125
0 0.58203125 0.4609375 0.15625 0.0888671875
0 0.7314453125 0.447265625 0.13671875 0.0908203125
0 0.744140625 0.3720703125 0.0869140625 0.0625
0 0.552734375 0.33984375 0.0556640625 0.0615234375
0 0.5146484375 0.296875 0.029296875 0.0498046875
0 0.466796875 0.2822265625 0.0302734375 0.0537109375
0 0.4599609375 0.2587890625 0.0224609375 0.041015625
0 0.4970703125 0.2392578125 0.013671875 0.029296875
0 0.48828125 0.2177734375 0.0146484375 0.03125
2 0.3095703125 0.900390625 0.037109375 0.0224609375
2 0.43359375 0.8994140625 0.0361328125 0.0166015625
2 0.755859375 0.9501953125 0.0166015625 0.0224609375
3 0.0791015625 0.8935546875 0.037109375 0.212890625
3 0.2626953125 0.6640625 0.0537109375 0.146484375
3 0.369140625 0.6376953125 0.0537109375 0.1572265625
3 0.22265625 0.46484375 0.037109375 0.0849609375
3 0.2822265625 0.46875 0.0615234375 0.099609375
3 0.52734375 0.4814453125 0.06640625 0.099609375
3 0.6005859375 0.54296875 0.0361328125 0.0966796875
3 0.4970703125 0.314453125 0.0185546875 0.0625
3 0.5439453125 0.345703125 0.0263671875 0.0615234375
4 0.216796875 0.7626953125 0.09375 0.2041015625
4 0.580078125 0.7470703125 0.080078125 0.220703125
4 0.6611328125 0.90625 0.1220703125 0.1875
6 0.169921875 0.875 0.14453125 0.25
6 0.7412109375 0.818359375 0.140625 0.318359375