0 0.3359375 0.7919921875 0.1259765625 0.31640625
0 0.501953125 0.779296875 0.1318359375 0.2626953125
0 0.611328125 0.55078125 0.119140625 0.1650390625
0 0.2666015625 0.322265625 0.119140625 0.0966796875
0 0.3671875 0.1474609375 0.0302734375 0.0458984375
0 0.595703125 0.21484375 0.0576171875 0.06640625
0 0.470703125 0.169921875 0.033203125 0.0458984375
0 0.671875 0.22265625 0.0712890625 0.0556640625
0 0.87890625 0.169921875 0.033203125 0.0498046875
1 0.3359375 0.84765625 0.044921875 0.0244140625
2 0.5107421875 0.810546875 0.041015625 0.0205078125
3 0.3330078125 0.5078125 0.046875 0.115234375
3 0.47265625 0.5458984375 0.04296875 0.1552734375
3 0.505859375 0.4970703125 0.033203125 0.146484375
3 0.5859375 0.62890625 0.04296875 0.18359375
3 0.4794921875 0.31640625 0.03515625 0.0888671875
4 0.75 0.6455078125 0.1044921875 0.2314453125
4 0.4990234375 0.931640625 0.1337890625 0.13671875
4 0.4453125 0.1943359375 0.0322265625 0.0595703125
4 0.412109375 0.166015625 0.0224609375 0.0498046875
4 0.3955078125 0.146484375 0.017578125 0.0478515625
4 0.880859375 0.30078125 0.072265625 0.0947265625
6 0.9287109375 0.1513671875 0.048828125 0.103515625
6 0.517578125 0.2080078125 0.056640625 0.0908203125