0 0.31640625 0.849609375 0.130859375 0.21484375
0 0.443359375 0.8134765625 0.1259765625 0.2236328125
0 0.5126953125 0.9609375 0.162109375 0.078125
0 0.6376953125 0.634765625 0.10546875 0.1513671875
0 0.384765625 0.458984375 0.1279296875 0.0888671875
0 0.619140625 0.3525390625 0.0888671875 0.072265625
0 0.4599609375 0.2587890625 0.021484375 0.03515625
0 0.5048828125 0.294921875 0.0263671875 0.04296875
0 0.5263671875 0.3291015625 0.041015625 0.0576171875
0 0.505859375 0.2568359375 0.021484375 0.03125
0 0.4599609375 0.1982421875 0.0126953125 0.0224609375
0 0.4970703125 0.2158203125 0.0126953125 0.0205078125
2 0.0693359375 0.9404296875 0.0166015625 0.0185546875
2 0.30859375 0.8994140625 0.0361328125 0.0244140625
2 0.43359375 0.900390625 0.0400390625 0.0224609375
2 0.6064453125 0.763671875 0.01171875 0.0126953125
2 0.6494140625 0.6513671875 0.0263671875 0.0166015625
2 0.755859375 0.9521484375 0.017578125 0.0224609375
3 0.0810546875 0.8955078125 0.041015625 0.1982421875
3 0.2626953125 0.6572265625 0.048828125 0.1484375
3 0.3701171875 0.6337890625 0.0537109375 0.1533203125
3 0.5966796875 0.5234375 0.033203125 0.10546875
3 0.611328125 0.5009765625 0.0419921875 0.0986328125
3 0.7177734375 0.6015625 0.033203125 0.115234375
3 0.439453125 0.29296875 0.013671875 0.0517578125
3 0.474609375 0.287109375 0.015625 0.044921875
4 0.21484375 0.76171875 0.0966796875 0.1982421875
4 0.578125 0.70703125 0.0771484375 0.2041015625
4 0.6591796875 0.90234375 0.125 0.1943359375
4 0.7314453125 0.455078125 0.080078125 0.0986328125
4 0.7490234375 0.4794921875 0.0751953125 0.103515625
6 0.1669921875 0.875 0.1474609375 0.25
6 0.744140625 0.828125 0.1455078125 0.3330078125