0 0.1689453125 0.7802734375 0.19140625 0.25
0 0.3505859375 0.7900390625 0.1259765625 0.3310546875
0 0.34375 0.580078125 0.1123046875 0.173828125
0 0.5693359375 0.556640625 0.115234375 0.1240234375
0 0.642578125 0.7080078125 0.1181640625 0.2353515625
0 0.84375 0.9189453125 0.28515625 0.162109375
0 0.6611328125 0.525390625 0.1142578125 0.1689453125
0 0.5419921875 0.3408203125 0.0771484375 0.099609375
0 0.654296875 0.197265625 0.0595703125 0.0576171875
0 0.8701171875 0.2958984375 0.07421875 0.0810546875
0 0.7041015625 0.2607421875 0.064453125 0.0703125
2 0.1376953125 0.8232421875 0.044921875 0.0205078125
2 0.3486328125 0.861328125 0.0439453125 0.0224609375
2 0.6005859375 0.8837890625 0.025390625 0.02734375
2 0.65625 0.7314453125 0.037109375 0.0185546875
3 0.728515625 0.6328125 0.0458984375 0.205078125
3 0.4013671875 0.1865234375 0.0126953125 0.0576171875
3 0.3583984375 0.169921875 0.0126953125 0.0517578125
4 0.8212890625 0.7314453125 0.1279296875 0.2255859375
4 0.6142578125 0.3671875 0.0615234375 0.1162109375
4 0.6103515625 0.2783203125 0.05078125 0.0830078125
4 0.3583984375 0.1328125 0.015625 0.03125
5 0.8779296875 0.2236328125 0.19140625 0.14453125
5 0.865234375 0.1337890625 0.05078125 0.0458984375
6 0.5361328125 0.7998046875 0.1708984375 0.388671875