0 0.240234375 0.611328125 0.126953125 0.1884765625
0 0.361328125 0.6123046875 0.09375 0.2685546875
0 0.3896484375 0.501953125 0.095703125 0.1591796875
0 0.5283203125 0.44140625 0.06640625 0.11328125
0 0.5869140625 0.591796875 0.0791015625 0.1943359375
0 0.5634765625 0.912109375 0.19921875 0.17578125
0 0.7265625 0.8193359375 0.205078125 0.291015625
0 0.6435546875 0.4375 0.0810546875 0.1259765625
0 0.5361328125 0.2216796875 0.064453125 0.064453125
0 0.6748046875 0.2919921875 0.0751953125 0.0830078125
0 0.87109375 0.2412109375 0.076171875 0.0625
2 0.2255859375 0.6240234375 0.0302734375 0.0224609375
2 0.361328125 0.6533203125 0.0302734375 0.0146484375
2 0.7666015625 0.888671875 0.0458984375 0.0224609375
2 0.5537109375 0.716796875 0.0185546875 0.029296875
3 0.662109375 0.5322265625 0.0380859375 0.1875
3 0.818359375 0.72265625 0.064453125 0.22265625
3 0.38671875 0.1650390625 0.0107421875 0.0478515625
3 0.3486328125 0.1630859375 0.013671875 0.044921875
3 0.923828125 0.2412109375 0.03125 0.0615234375
4 0.7294921875 0.5908203125 0.0947265625 0.177734375
4 0.78125 0.3017578125 0.0517578125 0.0927734375
4 0.3544921875 0.12109375 0.013671875 0.03125
4 0.9013671875 0.1650390625 0.0224609375 0.044921875
5 0.8662109375 0.150390625 0.052734375 0.0703125
6 0.505859375 0.6669921875 0.1318359375 0.326171875