0 0.57421875 0.5478515625 0.1416015625 0.1884765625
0 0.6259765625 0.224609375 0.1064453125 0.0908203125
0 0.62890625 0.181640625 0.12109375 0.0849609375
0 0.7490234375 0.205078125 0.1201171875 0.0849609375
0 0.8505859375 0.162109375 0.107421875 0.1015625
0 0.9228515625 0.1845703125 0.0439453125 0.0869140625
0 0.72265625 0.046875 0.052734375 0.0458984375
2 0.5498046875 0.5712890625 0.03515625 0.0205078125
3 0.5439453125 0.8974609375 0.0869140625 0.205078125
4 0.5947265625 0.0673828125 0.021484375 0.0537109375
4 0.6064453125 0.0634765625 0.021484375 0.0537109375
4 0.619140625 0.052734375 0.021484375 0.0537109375