0 0.5517578125 0.419921875 0.1123046875 0.146484375
0 0.5458984375 0.873046875 0.18359375 0.25390625
0 0.7705078125 0.5341796875 0.123046875 0.2021484375
0 0.86328125 0.189453125 0.0947265625 0.0869140625
0 0.9404296875 0.2216796875 0.119140625 0.0830078125
0 0.556640625 0.220703125 0.158203125 0.0966796875
0 0.634765625 0.19140625 0.087890625 0.068359375
0 0.7216796875 0.2119140625 0.1181640625 0.0830078125
0 0.7177734375 0.046875 0.029296875 0.04296875
0 0.7490234375 0.05078125 0.041015625 0.03515625
2 0.5732421875 0.4296875 0.033203125 0.0185546875
3 0.689453125 0.451171875 0.033203125 0.1572265625
4 0.708984375 0.1591796875 0.0654296875 0.044921875
4 0.595703125 0.0693359375 0.01953125 0.0498046875
4 0.6083984375 0.0634765625 0.01953125 0.0498046875
4 0.6220703125 0.0546875 0.021484375 0.04296875