0 0.5498046875 0.6875 0.1435546875 0.24609375
0 0.513671875 0.87890625 0.16796875 0.2421875
0 0.794921875 0.8505859375 0.205078125 0.2978515625
0 0.744140625 0.61328125 0.13671875 0.21875
0 0.6357421875 0.46875 0.10546875 0.1591796875
0 0.0595703125 0.2275390625 0.1181640625 0.0927734375
0 0.45703125 0.05078125 0.017578125 0.03515625
2 0.515625 0.958984375 0.0517578125 0.0185546875
2 0.2119140625 0.666015625 0.0146484375 0.0166015625
2 0.376953125 0.75390625 0.013671875 0.0224609375
2 0.5517578125 0.7294921875 0.0380859375 0.0146484375
2 0.6279296875 0.4873046875 0.037109375 0.0185546875
2 0.7607421875 0.6806640625 0.037109375 0.0244140625
2 0.8154296875 0.9140625 0.0458984375 0.0205078125
3 0.2265625 0.630859375 0.0595703125 0.220703125
3 0.6455078125 0.345703125 0.0556640625 0.0908203125
3 0.802734375 0.3759765625 0.0419921875 0.107421875
4 0.0654296875 0.896484375 0.126953125 0.20703125
4 0.3427734375 0.6865234375 0.1123046875 0.2578125
4 0.9501953125 0.1494140625 0.04296875 0.076171875