0 0.2451171875 0.7900390625 0.203125 0.283203125
0 0.4111328125 0.8505859375 0.203125 0.2978515625
0 0.6591796875 0.8173828125 0.1708984375 0.2978515625
0 0.888671875 0.9072265625 0.2216796875 0.173828125
0 0.853515625 0.7138671875 0.16015625 0.220703125
0 0.6982421875 0.6328125 0.1298828125 0.220703125
0 0.458984375 0.6474609375 0.1259765625 0.1796875
0 0.3349609375 0.595703125 0.169921875 0.212890625
0 0.59765625 0.265625 0.1279296875 0.109375
0 0.8408203125 0.263671875 0.169921875 0.142578125
0 0.744140625 0.2109375 0.072265625 0.0849609375
0 0.7470703125 0.154296875 0.08203125 0.064453125
0 0.69140625 0.0478515625 0.0263671875 0.041015625
1 0.3837890625 0.931640625 0.048828125 0.0263671875
1 0.6416015625 0.873046875 0.048828125 0.02734375
1 0.865234375 0.7783203125 0.048828125 0.0244140625
2 0.3017578125 0.62890625 0.033203125 0.0126953125
3 0.22265625 0.8876953125 0.080078125 0.2236328125
3 0.5712890625 0.6044921875 0.05859375 0.205078125
3 0.603515625 0.5302734375 0.046875 0.1796875
3 0.8115234375 0.5078125 0.0537109375 0.185546875
3 0.783203125 0.453125 0.033203125 0.150390625
3 0.681640625 0.1796875 0.0380859375 0.078125
4 0.6083984375 0.064453125 0.0244140625 0.044921875
4 0.62109375 0.056640625 0.015625 0.0458984375
4 0.630859375 0.052734375 0.013671875 0.04296875
5 0.5419921875 0.1533203125 0.1669921875 0.140625