0 0.58203125 0.5205078125 0.12890625 0.181640625
0 0.7685546875 0.8671875 0.2021484375 0.2646484375
0 0.529296875 0.177734375 0.1103515625 0.0625
0 0.6201171875 0.2236328125 0.1259765625 0.0869140625
0 0.6533203125 0.1611328125 0.107421875 0.06640625
0 0.8408203125 0.2255859375 0.119140625 0.0966796875
0 0.8193359375 0.1708984375 0.138671875 0.0869140625
0 0.6943359375 0.044921875 0.0361328125 0.0458984375
0 0.7451171875 0.0458984375 0.0439453125 0.044921875
2 0.5625 0.546875 0.037109375 0.0166015625
3 0.650390625 0.646484375 0.0517578125 0.2109375
4 0.591796875 0.0732421875 0.021484375 0.0458984375
4 0.6064453125 0.0673828125 0.021484375 0.0458984375
4 0.619140625 0.056640625 0.021484375 0.0458984375