0 0.3193359375 0.8486328125 0.13671875 0.21484375
0 0.443359375 0.8125 0.130859375 0.21875
0 0.5126953125 0.9580078125 0.1630859375 0.0830078125
0 0.6357421875 0.6318359375 0.1005859375 0.1591796875
0 0.4814453125 0.4560546875 0.1220703125 0.0947265625
0 0.5322265625 0.42578125 0.0849609375 0.0966796875
0 0.5107421875 0.3095703125 0.0380859375 0.0625
0 0.498046875 0.263671875 0.0283203125 0.0390625
0 0.4619140625 0.2412109375 0.0205078125 0.0390625
0 0.5048828125 0.234375 0.013671875 0.02734375
2 0.072265625 0.94140625 0.015625 0.0205078125
2 0.306640625 0.900390625 0.0380859375 0.0224609375
2 0.431640625 0.8994140625 0.0380859375 0.0244140625
2 0.64453125 0.6435546875 0.03125 0.0126953125
2 0.7568359375 0.953125 0.017578125 0.0205078125
3 0.0771484375 0.8955078125 0.0419921875 0.1982421875
3 0.26171875 0.654296875 0.0478515625 0.150390625
3 0.3701171875 0.63671875 0.0537109375 0.1591796875
3 0.6123046875 0.509765625 0.046875 0.109375
3 0.4404296875 0.2626953125 0.009765625 0.041015625
3 0.4697265625 0.2626953125 0.009765625 0.033203125
4 0.2177734375 0.75390625 0.1025390625 0.181640625
4 0.5810546875 0.701171875 0.08203125 0.220703125
4 0.6611328125 0.904296875 0.12890625 0.1904296875
4 0.2353515625 0.4638671875 0.0732421875 0.0947265625
4 0.3662109375 0.4765625 0.0927734375 0.10546875
5 0.7470703125 0.4208984375 0.169921875 0.216796875
6 0.1728515625 0.8701171875 0.1455078125 0.2412109375
6 0.7431640625 0.8212890625 0.14453125 0.328125