0 0.287109375 0.4794921875 0.1044921875 0.14453125
0 0.380859375 0.51171875 0.0791015625 0.205078125
0 0.4169921875 0.4541015625 0.0908203125 0.1484375
0 0.5185546875 0.8193359375 0.17578125 0.2763671875
0 0.650390625 0.658203125 0.1533203125 0.2275390625
0 0.837890625 0.935546875 0.234375 0.12890625
0 0.578125 0.3681640625 0.0751953125 0.099609375
0 0.462890625 0.2392578125 0.0556640625 0.06640625
0 0.701171875 0.3681640625 0.078125 0.099609375
0 0.7998046875 0.2626953125 0.0732421875 0.07421875
2 0.537109375 0.8818359375 0.041015625 0.0185546875
2 0.6708984375 0.7041015625 0.0322265625 0.0146484375
2 0.5283203125 0.5986328125 0.0166015625 0.0224609375
3 0.1572265625 0.6982421875 0.0400390625 0.2255859375
3 0.724609375 0.5859375 0.046875 0.1650390625
3 0.373046875 0.1455078125 0.0107421875 0.0390625
4 0.9306640625 0.2607421875 0.048828125 0.078125
4 0.91796875 0.234375 0.048828125 0.068359375
4 0.3505859375 0.1142578125 0.01171875 0.02734375
4 0.904296875 0.169921875 0.021484375 0.04296875
4 0.662109375 0.4853515625 0.0810546875 0.1181640625
5 0.8681640625 0.1513671875 0.0517578125 0.076171875
5 0.494140625 0.55859375 0.1025390625 0.2763671875