0 0.177734375 0.7626953125 0.1826171875 0.2373046875
0 0.3525390625 0.564453125 0.115234375 0.1484375
0 0.3544921875 0.7763671875 0.1279296875 0.3486328125
0 0.564453125 0.5380859375 0.11328125 0.1162109375
0 0.63671875 0.6962890625 0.12109375 0.2294921875
0 0.83203125 0.9150390625 0.2822265625 0.169921875
0 0.65625 0.51171875 0.1083984375 0.146484375
0 0.5537109375 0.3369140625 0.0791015625 0.099609375
0 0.642578125 0.2021484375 0.0615234375 0.0556640625
0 0.716796875 0.2607421875 0.05859375 0.06640625
0 0.890625 0.294921875 0.0712890625 0.0830078125
0 0.869140625 0.1435546875 0.0498046875 0.0537109375
2 0.1484375 0.8017578125 0.041015625 0.0146484375
2 0.349609375 0.83984375 0.041015625 0.0205078125
2 0.5947265625 0.861328125 0.0244140625 0.0263671875
2 0.646484375 0.72265625 0.0400390625 0.0185546875
2 0.3427734375 0.59765625 0.0322265625 0.0166015625
3 0.72265625 0.6298828125 0.0400390625 0.2109375
3 0.4013671875 0.1845703125 0.0126953125 0.0498046875
3 0.35546875 0.1708984375 0.0166015625 0.0576171875
4 0.8134765625 0.7177734375 0.1220703125 0.2236328125
4 0.630859375 0.361328125 0.0634765625 0.1181640625
4 0.623046875 0.2763671875 0.0478515625 0.078125
4 0.359375 0.134765625 0.0146484375 0.037109375
5 0.8955078125 0.2177734375 0.1962890625 0.1201171875
6 0.5341796875 0.7861328125 0.1591796875 0.4052734375