0 0.240234375 0.7880859375 0.2041015625 0.2724609375
0 0.4130859375 0.8515625 0.1982421875 0.29296875
0 0.6552734375 0.810546875 0.1767578125 0.294921875
0 0.8828125 0.91015625 0.2119140625 0.1796875
0 0.8544921875 0.716796875 0.1591796875 0.22265625
0 0.3369140625 0.5986328125 0.1708984375 0.220703125
0 0.4580078125 0.6513671875 0.126953125 0.18359375
0 0.697265625 0.6279296875 0.1337890625 0.21875
0 0.712890625 0.2578125 0.1376953125 0.099609375
0 0.7470703125 0.2060546875 0.076171875 0.0869140625
0 0.7763671875 0.162109375 0.08984375 0.076171875
0 0.9189453125 0.248046875 0.162109375 0.1259765625
0 0.6875 0.0546875 0.02734375 0.0458984375
1 0.6435546875 0.875 0.0498046875 0.0244140625
1 0.8642578125 0.783203125 0.048828125 0.0224609375
1 0.384765625 0.9326171875 0.0458984375 0.0205078125
2 0.302734375 0.6298828125 0.0322265625 0.0185546875
2 0.5673828125 0.658203125 0.0126953125 0.0205078125
3 0.228515625 0.8876953125 0.0888671875 0.2236328125
3 0.572265625 0.6162109375 0.06640625 0.2041015625
3 0.59375 0.537109375 0.0478515625 0.185546875
3 0.810546875 0.501953125 0.0458984375 0.185546875
3 0.783203125 0.4560546875 0.0341796875 0.1689453125
3 0.630859375 0.23828125 0.0458984375 0.0908203125
3 0.6826171875 0.1787109375 0.0439453125 0.0830078125
4 0.609375 0.0615234375 0.0224609375 0.044921875
4 0.625 0.0595703125 0.0146484375 0.0556640625
4 0.630859375 0.0546875 0.009765625 0.0458984375
5 0.541015625 0.1640625 0.16796875 0.1533203125