0 0.2158203125 0.6787109375 0.1533203125 0.205078125
0 0.3583984375 0.701171875 0.1083984375 0.294921875
0 0.373046875 0.5166015625 0.1083984375 0.13671875
0 0.609375 0.6435546875 0.1083984375 0.212890625
0 0.54296875 0.4921875 0.0908203125 0.115234375
0 0.646484375 0.47265625 0.103515625 0.1337890625
0 0.7861328125 0.87890625 0.267578125 0.2421875
0 0.6142578125 0.3125 0.07421875 0.0986328125
0 0.5859375 0.2109375 0.0615234375 0.0556640625
0 0.7939453125 0.2470703125 0.0625 0.0615234375
2 0.1904296875 0.7021484375 0.037109375 0.0185546875
2 0.353515625 0.7431640625 0.0361328125 0.0166015625
2 0.572265625 0.7783203125 0.0205078125 0.03125
2 0.6220703125 0.66796875 0.0400390625 0.0205078125
3 0.69140625 0.5859375 0.037109375 0.1943359375
3 0.88671875 0.8037109375 0.0751953125 0.2255859375
3 0.392578125 0.1689453125 0.0146484375 0.044921875
3 0.353515625 0.166015625 0.0087890625 0.0498046875
4 0.7744140625 0.6591796875 0.109375 0.2041015625
4 0.703125 0.3251953125 0.056640625 0.1015625
4 0.6884765625 0.259765625 0.05078125 0.080078125
4 0.35546875 0.1279296875 0.015625 0.037109375
4 0.8330078125 0.169921875 0.0244140625 0.0517578125
5 0.9384765625 0.216796875 0.123046875 0.1259765625
5 0.8681640625 0.1513671875 0.048828125 0.07421875
6 0.517578125 0.7236328125 0.1533203125 0.365234375