0 0.716796875 0.8447265625 0.2021484375 0.279296875
0 0.6484375 0.7060546875 0.16796875 0.216796875
0 0.5751953125 0.349609375 0.068359375 0.1025390625
0 0.7255859375 0.3701171875 0.0810546875 0.125
0 0.32421875 0.8681640625 0.2080078125 0.259765625
0 0.3330078125 0.6904296875 0.1611328125 0.2138671875
0 0.361328125 0.5673828125 0.1103515625 0.146484375
0 0.3896484375 0.490234375 0.1240234375 0.1953125
0 0.419921875 0.3486328125 0.06640625 0.1064453125
0 0.439453125 0.3310546875 0.056640625 0.0986328125
0 0.0615234375 0.373046875 0.0869140625 0.154296875
0 0.15234375 0.3271484375 0.0703125 0.099609375
0 0.2021484375 0.3115234375 0.0390625 0.078125
0 0.232421875 0.30078125 0.0439453125 0.0673828125
1 0.7216796875 0.90234375 0.0478515625 0.0244140625
1 0.6376953125 0.7587890625 0.0185546875 0.0205078125
6 0.6611328125 0.5068359375 0.1435546875 0.3203125
6 0.453125 0.2890625 0.0634765625 0.1650390625