0 0.2509765625 0.91015625 0.216796875 0.1796875
0 0.69921875 0.9267578125 0.2255859375 0.146484375
0 0.3232421875 0.6826171875 0.134765625 0.18359375
0 0.373046875 0.5732421875 0.1376953125 0.2158203125
0 0.390625 0.4375 0.099609375 0.140625
0 0.408203125 0.3857421875 0.083984375 0.1259765625
0 0.6181640625 0.46484375 0.11328125 0.1533203125
0 0.59375 0.380859375 0.072265625 0.1220703125
0 0.763671875 0.416015625 0.1005859375 0.134765625
0 0.04296875 0.3857421875 0.08203125 0.1357421875
0 0.1396484375 0.3212890625 0.07421875 0.1279296875
0 0.2119140625 0.3095703125 0.056640625 0.08203125
1 0.69921875 0.8154296875 0.046875 0.0234375
1 0.3193359375 0.7353515625 0.0400390625 0.021484375
1 0.3779296875 0.6171875 0.03125 0.017578125
2 0.767578125 0.451171875 0.033203125 0.0146484375
6 0.4404296875 0.2998046875 0.076171875 0.189453125
6 0.564453125 0.314453125 0.064453125 0.12890625
6 0.69921875 0.6806640625 0.1806640625 0.4638671875