0 0.263671875 0.845703125 0.1875 0.30859375
0 0.3505859375 0.78125 0.142578125 0.2373046875
0 0.380859375 0.59765625 0.150390625 0.2021484375
0 0.3798828125 0.4638671875 0.10546875 0.1181640625
0 0.42578125 0.4453125 0.0859375 0.1455078125
0 0.4296875 0.32421875 0.068359375 0.1103515625
0 0.0751953125 0.369140625 0.0869140625 0.123046875
0 0.1962890625 0.30859375 0.0517578125 0.0888671875
0 0.6552734375 0.7236328125 0.1796875 0.2900390625
0 0.64453125 0.5986328125 0.1396484375 0.1640625
0 0.5859375 0.5068359375 0.119140625 0.1728515625
0 0.630859375 0.4521484375 0.0888671875 0.134765625
0 0.6015625 0.373046875 0.1005859375 0.0927734375
0 0.5517578125 0.3798828125 0.0341796875 0.1123046875
0 0.6591796875 0.3212890625 0.0498046875 0.072265625
1 0.2646484375 0.921875 0.056640625 0.0283203125
1 0.37890625 0.6376953125 0.0419921875 0.015625
1 0.6572265625 0.7998046875 0.0498046875 0.0244140625
1 0.5869140625 0.5400390625 0.0224609375 0.0126953125
6 0.595703125 0.2724609375 0.078125 0.123046875
6 0.4599609375 0.28125 0.0478515625 0.1259765625