0 0.322265625 0.8671875 0.2060546875 0.2607421875
0 0.357421875 0.60546875 0.134765625 0.1904296875
0 0.3876953125 0.5390625 0.1220703125 0.1806640625
0 0.3818359375 0.451171875 0.1240234375 0.078125
0 0.376953125 0.4052734375 0.109375 0.072265625
0 0.4140625 0.3525390625 0.087890625 0.1357421875
0 0.6767578125 0.8671875 0.193359375 0.2431640625
0 0.6083984375 0.658203125 0.1572265625 0.2158203125
0 0.642578125 0.556640625 0.12890625 0.173828125
0 0.634765625 0.466796875 0.123046875 0.1474609375
0 0.5849609375 0.447265625 0.0908203125 0.1435546875
0 0.689453125 0.3251953125 0.0361328125 0.083984375
0 0.0625 0.3662109375 0.076171875 0.111328125
0 0.109375 0.3388671875 0.068359375 0.1171875
0 0.1689453125 0.314453125 0.064453125 0.0947265625
1 0.3232421875 0.935546875 0.0458984375 0.0205078125
1 0.68359375 0.931640625 0.0458984375 0.0234375
1 0.607421875 0.701171875 0.0439453125 0.01953125
1 0.3544921875 0.6416015625 0.037109375 0.017578125
6 0.625 0.3193359375 0.0927734375 0.1787109375
6 0.458984375 0.275390625 0.0576171875 0.130859375
6 0.5517578125 0.3046875 0.052734375 0.0966796875