0 0.3134765625 0.89453125 0.21875 0.2099609375
0 0.0751953125 0.359375 0.0849609375 0.1416015625
0 0.16796875 0.318359375 0.0732421875 0.0869140625
0 0.208984375 0.3134765625 0.041015625 0.0791015625
0 0.728515625 0.875 0.2177734375 0.25
0 0.6513671875 0.736328125 0.1689453125 0.2197265625
0 0.32421875 0.7314453125 0.1650390625 0.2392578125
0 0.35546875 0.5849609375 0.1142578125 0.1533203125
0 0.3876953125 0.4990234375 0.1259765625 0.1904296875
0 0.419921875 0.349609375 0.0693359375 0.1064453125
0 0.4384765625 0.3369140625 0.060546875 0.1083984375
0 0.7265625 0.376953125 0.0908203125 0.115234375
0 0.5986328125 0.4130859375 0.0712890625 0.12890625
0 0.578125 0.357421875 0.0693359375 0.1142578125
6 0.6708984375 0.5322265625 0.1728515625 0.3486328125
6 0.451171875 0.291015625 0.0693359375 0.173828125
1 0.732421875 0.9638671875 0.0498046875 0.0224609375
1 0.646484375 0.798828125 0.0244140625 0.0283203125