0 0.1484375 0.708984375 0.203125 0.130859375
0 0.2587890625 0.626953125 0.1240234375 0.0673828125
0 0.2861328125 0.5830078125 0.1005859375 0.048828125
0 0.3408203125 0.5322265625 0.0712890625 0.0361328125
0 0.3486328125 0.900390625 0.2685546875 0.19921875
0 0.404296875 0.7529296875 0.1728515625 0.1279296875
0 0.4130859375 0.6484375 0.1337890625 0.076171875
0 0.431640625 0.5849609375 0.0888671875 0.052734375
0 0.4677734375 0.5625 0.0732421875 0.033203125
0 0.8203125 0.896484375 0.298828125 0.1982421875
0 0.6953125 0.7373046875 0.169921875 0.11328125
0 0.65625 0.6298828125 0.134765625 0.0986328125
5 0.609375 0.5556640625 0.12109375 0.1025390625