0 0.353515625 0.8994140625 0.2705078125 0.201171875
0 0.1494140625 0.7109375 0.197265625 0.1337890625
0 0.259765625 0.625 0.1162109375 0.068359375
0 0.2900390625 0.5810546875 0.1005859375 0.0439453125
0 0.34375 0.5341796875 0.0732421875 0.0390625
0 0.365234375 0.517578125 0.044921875 0.02734375
0 0.4013671875 0.751953125 0.1796875 0.12109375
0 0.4140625 0.6494140625 0.1240234375 0.0791015625
0 0.431640625 0.583984375 0.0986328125 0.0556640625
0 0.46484375 0.5634765625 0.076171875 0.0419921875
0 0.818359375 0.8994140625 0.294921875 0.2001953125
0 0.69140625 0.7353515625 0.169921875 0.119140625
0 0.658203125 0.6318359375 0.125 0.1005859375
5 0.60546875 0.556640625 0.1298828125 0.1083984375