0 0.2978515625 0.8076171875 0.1533203125 0.201171875
0 0.3525390625 0.650390625 0.1552734375 0.2412109375
0 0.359375 0.544921875 0.1396484375 0.107421875
0 0.3623046875 0.4765625 0.119140625 0.068359375
0 0.384765625 0.4619140625 0.1064453125 0.138671875
0 0.3984375 0.40625 0.091796875 0.123046875
0 0.4013671875 0.353515625 0.087890625 0.064453125
0 0.03515625 0.3916015625 0.06640625 0.12890625
0 0.09765625 0.3466796875 0.068359375 0.1162109375
0 0.1806640625 0.306640625 0.0634765625 0.1064453125
0 0.234375 0.306640625 0.0419921875 0.0595703125
0 0.056640625 0.369140625 0.0693359375 0.115234375
0 0.6630859375 0.6025390625 0.1328125 0.1826171875
0 0.62890625 0.5185546875 0.1171875 0.1689453125
0 0.7998046875 0.470703125 0.1162109375 0.169921875
0 0.6103515625 0.4052734375 0.0830078125 0.123046875
0 0.5908203125 0.365234375 0.064453125 0.1015625
1 0.2919921875 0.873046875 0.0458984375 0.0234375
1 0.3515625 0.6943359375 0.0419921875 0.017578125
2 0.80078125 0.5107421875 0.03125 0.017578125
2 0.0244140625 0.4150390625 0.0263671875 0.013671875
6 0.7109375 0.7939453125 0.20703125 0.412109375
6 0.43359375 0.314453125 0.0849609375 0.2080078125
6 0.5634765625 0.31640625 0.06640625 0.138671875