0 0.2587890625 0.8759765625 0.2021484375 0.2470703125
0 0.662109375 0.771484375 0.189453125 0.3037109375
0 0.6474609375 0.6220703125 0.1435546875 0.16015625
0 0.591796875 0.5166015625 0.1298828125 0.1689453125
0 0.634765625 0.46484375 0.095703125 0.142578125
0 0.6015625 0.388671875 0.1015625 0.109375
0 0.5576171875 0.388671875 0.037109375 0.12109375
0 0.6640625 0.3212890625 0.0458984375 0.0732421875
0 0.337890625 0.837890625 0.1533203125 0.2568359375
0 0.375 0.62109375 0.1533203125 0.2021484375
0 0.3828125 0.482421875 0.1162109375 0.1298828125
0 0.4208984375 0.4560546875 0.0888671875 0.15234375
0 0.3916015625 0.390625 0.0966796875 0.0703125
0 0.396484375 0.349609375 0.09375 0.0615234375
0 0.4267578125 0.328125 0.068359375 0.1103515625
0 0.0283203125 0.404296875 0.052734375 0.146484375
0 0.0927734375 0.359375 0.0869140625 0.1123046875
0 0.2041015625 0.3076171875 0.0498046875 0.0888671875
1 0.2578125 0.9892578125 0.0595703125 0.021484375
1 0.3720703125 0.6689453125 0.04296875 0.0205078125
1 0.6640625 0.8486328125 0.05078125 0.0205078125
1 0.5908203125 0.5576171875 0.0263671875 0.015625
6 0.6025390625 0.2861328125 0.0810546875 0.142578125
6 0.4580078125 0.28515625 0.0517578125 0.1279296875