0 0.365234375 0.87890625 0.2392578125 0.21484375
0 0.1787109375 0.6767578125 0.1650390625 0.11328125
0 0.2841796875 0.599609375 0.09765625 0.0556640625
0 0.3154296875 0.560546875 0.0869140625 0.037109375
0 0.345703125 0.533203125 0.0693359375 0.037109375
0 0.4013671875 0.728515625 0.158203125 0.1064453125
0 0.416015625 0.64453125 0.1298828125 0.0673828125
0 0.4306640625 0.5849609375 0.0966796875 0.0546875
0 0.4638671875 0.5654296875 0.0712890625 0.0390625
0 0.7939453125 0.8759765625 0.259765625 0.1962890625
0 0.6787109375 0.7138671875 0.154296875 0.1025390625
0 0.65625 0.623046875 0.123046875 0.0927734375
1 0.689453125 0.7509765625 0.033203125 0.0126953125
1 0.3525390625 0.96875 0.048828125 0.0126953125
1 0.8349609375 0.9560546875 0.0458984375 0.017578125
3 0.6005859375 0.947265625 0.0947265625 0.10546875
5 0.6015625 0.560546875 0.1142578125 0.1083984375