0 0.0927734375 0.8330078125 0.1728515625 0.232421875
0 0.20703125 0.6484375 0.158203125 0.1015625
0 0.294921875 0.5849609375 0.099609375 0.0546875
0 0.3125 0.5517578125 0.0888671875 0.03515625
0 0.36328125 0.869140625 0.2421875 0.2119140625
0 0.40625 0.7216796875 0.171875 0.109375
0 0.416015625 0.6357421875 0.1298828125 0.06640625
0 0.4267578125 0.580078125 0.0888671875 0.0537109375
0 0.4658203125 0.556640625 0.0751953125 0.0400390625
0 0.7861328125 0.8525390625 0.2548828125 0.1884765625
0 0.6806640625 0.7060546875 0.154296875 0.095703125
0 0.6572265625 0.6181640625 0.125 0.0888671875
1 0.3466796875 0.9619140625 0.044921875 0.0107421875
1 0.8193359375 0.9306640625 0.0478515625 0.0107421875
2 0.69140625 0.744140625 0.037109375 0.0087890625
3 0.564453125 0.892578125 0.1103515625 0.150390625
3 0.5244140625 0.646484375 0.0517578125 0.0712890625
3 0.521484375 0.57421875 0.0322265625 0.0478515625
5 0.607421875 0.5546875 0.125 0.1123046875