0 0.0751953125 0.859375 0.1474609375 0.2392578125
0 0.1953125 0.6630859375 0.169921875 0.1083984375
0 0.2978515625 0.5888671875 0.1015625 0.052734375
0 0.3154296875 0.556640625 0.0869140625 0.0390625
0 0.34375 0.5302734375 0.078125 0.0361328125
0 0.359375 0.8740234375 0.2392578125 0.2138671875
0 0.4072265625 0.7265625 0.162109375 0.1142578125
0 0.4189453125 0.646484375 0.126953125 0.076171875
0 0.4365234375 0.5849609375 0.103515625 0.0546875
0 0.458984375 0.5615234375 0.0712890625 0.0361328125
0 0.650390625 0.619140625 0.126953125 0.0947265625
0 0.67578125 0.7119140625 0.1474609375 0.0986328125
0 0.7880859375 0.8564453125 0.2529296875 0.18359375
1 0.3486328125 0.9658203125 0.0478515625 0.0126953125
1 0.8193359375 0.9345703125 0.0478515625 0.017578125
2 0.689453125 0.7490234375 0.037109375 0.01171875
3 0.533203125 0.666015625 0.0517578125 0.0751953125
5 0.607421875 0.5517578125 0.1162109375 0.1005859375