0 0.099609375 0.8076171875 0.19140625 0.2099609375
0 0.2080078125 0.6474609375 0.138671875 0.1005859375
0 0.298828125 0.5830078125 0.0966796875 0.048828125
0 0.326171875 0.546875 0.083984375 0.0439453125
0 0.3681640625 0.51171875 0.0712890625 0.0341796875
0 0.3662109375 0.8720703125 0.2314453125 0.20703125
0 0.390625 0.720703125 0.140625 0.0966796875
0 0.419921875 0.640625 0.12109375 0.0732421875
0 0.43359375 0.58203125 0.0908203125 0.0556640625
0 0.466796875 0.556640625 0.0732421875 0.0439453125
0 0.7822265625 0.8515625 0.248046875 0.1884765625
0 0.6796875 0.7060546875 0.15234375 0.1044921875
0 0.6513671875 0.6181640625 0.125 0.09375
1 0.345703125 0.9599609375 0.0498046875 0.0126953125
1 0.8173828125 0.9306640625 0.0478515625 0.0166015625
1 0.6904296875 0.744140625 0.0390625 0.009765625
3 0.5556640625 0.80078125 0.0654296875 0.1103515625
3 0.52734375 0.6494140625 0.0478515625 0.0703125
3 0.517578125 0.5791015625 0.0322265625 0.044921875
3 0.5244140625 0.541015625 0.033203125 0.033203125
5 0.6015625 0.5498046875 0.125 0.1083984375