0 0.0966796875 0.814453125 0.185546875 0.212890625
0 0.20703125 0.640625 0.1337890625 0.095703125
0 0.2958984375 0.5830078125 0.10546875 0.048828125
0 0.318359375 0.546875 0.0849609375 0.0400390625
0 0.3583984375 0.5126953125 0.0732421875 0.0322265625
0 0.3662109375 0.8759765625 0.248046875 0.2177734375
0 0.4033203125 0.72265625 0.1513671875 0.10546875
0 0.4169921875 0.642578125 0.1162109375 0.0732421875
0 0.43359375 0.5810546875 0.0908203125 0.0595703125
0 0.4658203125 0.556640625 0.0791015625 0.0439453125
0 0.65234375 0.615234375 0.126953125 0.0908203125
0 0.6728515625 0.705078125 0.15625 0.103515625
0 0.7822265625 0.8515625 0.2548828125 0.1884765625
1 0.345703125 0.9599609375 0.0537109375 0.017578125
1 0.8203125 0.9296875 0.0498046875 0.0126953125
1 0.689453125 0.7431640625 0.029296875 0.0087890625
3 0.5810546875 0.9150390625 0.0986328125 0.16015625
3 0.529296875 0.7001953125 0.0556640625 0.083984375
3 0.5244140625 0.5966796875 0.037109375 0.0458984375
3 0.5263671875 0.546875 0.033203125 0.0380859375
5 0.611328125 0.5556640625 0.123046875 0.1083984375