0 0.0869140625 0.8466796875 0.162109375 0.2412109375
0 0.359375 0.8740234375 0.2421875 0.21484375
0 0.2060546875 0.650390625 0.1533203125 0.107421875
0 0.294921875 0.5849609375 0.0947265625 0.052734375
0 0.314453125 0.5498046875 0.0888671875 0.0380859375
0 0.35546875 0.5234375 0.0654296875 0.0390625
0 0.4072265625 0.7236328125 0.162109375 0.107421875
0 0.41796875 0.642578125 0.12890625 0.0693359375
0 0.4287109375 0.5810546875 0.103515625 0.0556640625
0 0.4609375 0.560546875 0.0712890625 0.044921875
0 0.4638671875 0.53125 0.0693359375 0.0322265625
0 0.6533203125 0.6201171875 0.12109375 0.087890625
0 0.6767578125 0.708984375 0.16796875 0.099609375
0 0.7841796875 0.8544921875 0.2587890625 0.1884765625
1 0.3466796875 0.962890625 0.0517578125 0.01171875
1 0.818359375 0.9306640625 0.0419921875 0.01171875
2 0.6923828125 0.7470703125 0.03125 0.0107421875
3 0.5302734375 0.6884765625 0.0537109375 0.083984375
3 0.5185546875 0.591796875 0.0302734375 0.048828125
5 0.609375 0.5556640625 0.126953125 0.1064453125