0 0.0810546875 0.853515625 0.158203125 0.224609375
0 0.357421875 0.8740234375 0.2490234375 0.21484375
0 0.7861328125 0.85546875 0.263671875 0.1845703125
0 0.673828125 0.712890625 0.154296875 0.1044921875
0 0.6572265625 0.6220703125 0.12890625 0.091796875
0 0.1904296875 0.6552734375 0.1416015625 0.109375
0 0.2861328125 0.5849609375 0.0771484375 0.052734375
0 0.314453125 0.5537109375 0.0927734375 0.0380859375
0 0.3466796875 0.525390625 0.0673828125 0.0341796875
0 0.404296875 0.724609375 0.15625 0.1103515625
0 0.41796875 0.6416015625 0.12890625 0.068359375
0 0.43359375 0.5849609375 0.0986328125 0.05859375
0 0.4658203125 0.560546875 0.0791015625 0.0400390625
1 0.3486328125 0.9658203125 0.0478515625 0.0146484375
1 0.8193359375 0.9326171875 0.0478515625 0.013671875
2 0.6904296875 0.7470703125 0.03125 0.01171875
3 0.51953125 0.6083984375 0.0361328125 0.056640625
3 0.5380859375 0.755859375 0.05859375 0.099609375
5 0.6083984375 0.5576171875 0.1328125 0.1201171875