0 0.6513671875 0.5732421875 0.0439453125 0.091796875
0 0.2275390625 0.73828125 0.060546875 0.1220703125
0 0.0693359375 0.64453125 0.0830078125 0.091796875
0 0.095703125 0.4375 0.041015625 0.0576171875
0 0.1396484375 0.43359375 0.0361328125 0.0712890625
4 0.1240234375 0.7158203125 0.0576171875 0.119140625
4 0.20703125 0.880859375 0.0703125 0.115234375
4 0.208984375 0.8115234375 0.068359375 0.10546875
4 0.18359375 0.671875 0.0546875 0.1259765625
4 0.32421875 0.830078125 0.060546875 0.12890625
4 0.2509765625 0.68359375 0.0517578125 0.095703125
4 0.3935546875 0.8740234375 0.0654296875 0.1015625
4 0.421875 0.7705078125 0.0625 0.1123046875
4 0.5712890625 0.486328125 0.029296875 0.068359375
4 0.677734375 0.51171875 0.029296875 0.091796875
4 0.525390625 0.3994140625 0.033203125 0.078125
4 0.787109375 0.5341796875 0.0419921875 0.0546875
5 0.595703125 0.68359375 0.111328125 0.3125
5 0.818359375 0.7197265625 0.236328125 0.34375
5 0.62109375 0.3740234375 0.0673828125 0.1494140625
5 0.28515625 0.484375 0.1142578125 0.1943359375
6 0.337890625 0.7294921875 0.060546875 0.20703125