0 0.791015625 0.912109375 0.1630859375 0.1669921875
0 0.6220703125 0.8466796875 0.1337890625 0.18359375
0 0.498046875 0.939453125 0.16796875 0.12109375
0 0.2392578125 0.8203125 0.15234375 0.154296875
0 0.4072265625 0.849609375 0.150390625 0.14453125
0 0.4921875 0.5810546875 0.0927734375 0.1376953125
0 0.326171875 0.7099609375 0.1259765625 0.14453125
0 0.361328125 0.6240234375 0.1142578125 0.1396484375
0 0.2626953125 0.515625 0.087890625 0.1103515625
0 0.283203125 0.44140625 0.0703125 0.087890625
0 0.3623046875 0.505859375 0.0703125 0.1005859375
0 0.54296875 0.548828125 0.087890625 0.1279296875
0 0.6611328125 0.5419921875 0.0966796875 0.1171875
0 0.65625 0.630859375 0.0966796875 0.1396484375
0 0.4580078125 0.767578125 0.1123046875 0.171875
0 0.6904296875 0.298828125 0.0537109375 0.068359375
0 0.7666015625 0.341796875 0.0458984375 0.056640625
0 0.8046875 0.3984375 0.060546875 0.0810546875
0 0.8564453125 0.4462890625 0.0751953125 0.087890625
0 0.912109375 0.4892578125 0.0751953125 0.10546875
0 0.9853515625 0.3876953125 0.029296875 0.05859375
0 0.8720703125 0.361328125 0.05859375 0.06640625
0 0.9580078125 0.5859375 0.080078125 0.1171875
2 0.802734375 0.9521484375 0.0390625 0.0224609375
2 0.619140625 0.8603515625 0.04296875 0.0146484375
2 0.3134765625 0.732421875 0.0322265625 0.0146484375
2 0.654296875 0.6552734375 0.03125 0.0126953125
2 0.494140625 0.615234375 0.02734375 0.01953125
2 0.1533203125 0.427734375 0.0263671875 0.0322265625
3 0.4658203125 0.4794921875 0.0322265625 0.0859375
3 0.4755859375 0.3515625 0.01953125 0.0810546875
3 0.5771484375 0.369140625 0.021484375 0.076171875
4 0.7578125 0.2783203125 0.0322265625 0.06640625
4 0.912109375 0.3935546875 0.0478515625 0.0859375
4 0.810546875 0.26953125 0.0361328125 0.068359375
4 0.5546875 0.2001953125 0.02734375 0.0517578125
5 0.1669921875 0.412109375 0.1376953125 0.2109375
5 0.3046875 0.3447265625 0.08984375 0.1640625
6 0.0849609375 0.66015625 0.1669921875 0.2822265625
6 0.400390625 0.3271484375 0.078125 0.1689453125