0 0.3583984375 0.9482421875 0.1650390625 0.1025390625
0 0.4765625 0.7294921875 0.1357421875 0.1884765625
0 0.5009765625 0.4765625 0.099609375 0.1298828125
0 0.5888671875 0.4365234375 0.0927734375 0.1171875
0 0.5810546875 0.2626953125 0.0732421875 0.0927734375
0 0.6162109375 0.1357421875 0.048828125 0.06640625
0 0.595703125 0.1953125 0.0537109375 0.0712890625
0 0.2099609375 0.6142578125 0.099609375 0.134765625
0 0.0859375 0.7451171875 0.1162109375 0.2060546875
0 0.23046875 0.3701171875 0.0751953125 0.1025390625
0 0.2607421875 0.4794921875 0.08984375 0.115234375
0 0.322265625 0.4130859375 0.072265625 0.1103515625
0 0.3720703125 0.31640625 0.068359375 0.087890625
0 0.2646484375 0.302734375 0.0625 0.095703125
0 0.318359375 0.25390625 0.0654296875 0.0908203125
0 0.4189453125 0.2578125 0.0537109375 0.0732421875
0 0.455078125 0.193359375 0.05078125 0.0634765625
0 0.46875 0.16015625 0.052734375 0.0712890625
0 0.513671875 0.078125 0.0439453125 0.0537109375
2 0.7255859375 0.763671875 0.0224609375 0.02734375
2 0.4736328125 0.7802734375 0.0361328125 0.017578125
2 0.2548828125 0.4853515625 0.029296875 0.0146484375
3 0.5673828125 0.6064453125 0.0439453125 0.134765625
3 0.7685546875 0.361328125 0.03125 0.10546875
3 0.8173828125 0.3994140625 0.03125 0.1025390625
3 0.8623046875 0.3828125 0.0341796875 0.107421875
3 0.806640625 0.1650390625 0.021484375 0.06640625
3 0.783203125 0.1298828125 0.0146484375 0.0634765625
3 0.017578125 0.46484375 0.03125 0.1201171875
3 0.1396484375 0.3046875 0.0244140625 0.0908203125
3 0.1982421875 0.2919921875 0.0244140625 0.0732421875
4 0.0712890625 0.390625 0.0537109375 0.1103515625
4 0.7099609375 0.2158203125 0.037109375 0.087890625
4 0.7724609375 0.234375 0.037109375 0.0859375
6 0.7255859375 0.6103515625 0.1435546875 0.3974609375
6 0.6953125 0.40234375 0.119140625 0.259765625
6 0.41015625 0.080078125 0.0751953125 0.134765625
6 0.7255859375 0.119140625 0.052734375 0.125