0 0.05078125 0.45703125 0.09765625 0.0859375
0 0.23046875 0.4921875 0.111328125 0.0927734375
0 0.2529296875 0.3935546875 0.1220703125 0.0859375
0 0.4375 0.3974609375 0.099609375 0.0830078125
0 0.4775390625 0.5615234375 0.1240234375 0.09765625
0 0.7607421875 0.6357421875 0.142578125 0.1201171875
0 0.8271484375 0.41015625 0.1064453125 0.0859375
3 0.94921875 0.703125 0.078125 0.078125
3 0.70703125 0.6640625 0.072265625 0.0830078125
3 0.38671875 0.611328125 0.0576171875 0.0810546875
3 0.1240234375 0.533203125 0.0556640625 0.0712890625
3 0.845703125 0.4990234375 0.060546875 0.0712890625
4 0.4521484375 0.6982421875 0.107421875 0.1220703125
4 0.6611328125 0.408203125 0.0771484375 0.0859375
4 0.3037109375 0.3544921875 0.0751953125 0.0712890625