0 0.455078125 0.6044921875 0.33984375 0.3349609375
0 0.216796875 0.4365234375 0.1650390625 0.40234375
0 0.109375 0.259765625 0.1328125 0.35546875
0 0.126953125 0.1103515625 0.1259765625 0.1982421875
0 0.4794921875 0.3642578125 0.1552734375 0.1787109375
0 0.7626953125 0.5302734375 0.2275390625 0.3310546875
0 0.875 0.853515625 0.2275390625 0.29296875
1 0.806640625 0.6396484375 0.048828125 0.025390625
1 0.525390625 0.9443359375 0.025390625 0.0234375
2 0.9521484375 0.60546875 0.021484375 0.0205078125
2 0.623046875 0.333984375 0.017578125 0.0126953125
2 0.345703125 0.6123046875 0.0224609375 0.029296875
3 0.111328125 0.8447265625 0.1708984375 0.2734375
3 0.2294921875 0.7060546875 0.1787109375 0.296875
3 0.44140625 0.708984375 0.12109375 0.3134765625
3 0.7333984375 0.6826171875 0.0673828125 0.330078125
3 0.693359375 0.8134765625 0.087890625 0.2783203125
4 0.5322265625 0.8251953125 0.14453125 0.349609375
4 0.9345703125 0.5595703125 0.1298828125 0.3681640625
4 0.6220703125 0.2978515625 0.119140625 0.2900390625
4 0.544921875 0.16015625 0.1064453125 0.265625
5 0.353515625 0.205078125 0.2724609375 0.3984375