0 0.5634765625 0.7080078125 0.2080078125 0.2763671875
0 0.1474609375 0.70703125 0.05078125 0.0927734375
0 0.376953125 0.703125 0.083984375 0.134765625
0 0.2841796875 0.6982421875 0.044921875 0.0703125
0 0.2197265625 0.693359375 0.03125 0.048828125
2 0.6005859375 0.7626953125 0.0419921875 0.0283203125
2 0.3857421875 0.73046875 0.025390625 0.0166015625
3 0.2529296875 0.693359375 0.0107421875 0.0419921875
3 0.2353515625 0.6953125 0.0068359375 0.0380859375
3 0.1005859375 0.712890625 0.015625 0.06640625
4 0.0712890625 0.7099609375 0.0224609375 0.052734375