0 0.23828125 0.728515625 0.25390625 0.54296875
0 0.5712890625 0.642578125 0.115234375 0.2275390625
0 0.48046875 0.6416015625 0.0810546875 0.185546875
0 0.4169921875 0.6494140625 0.0634765625 0.162109375
0 0.91015625 0.6279296875 0.1787109375 0.42578125
0 0.37109375 0.650390625 0.03515625 0.1025390625
1 0.2421875 0.75390625 0.0732421875 0.0380859375
2 0.7685546875 0.5771484375 0.0263671875 0.0341796875
2 0.5869140625 0.6787109375 0.0322265625 0.021484375
2 0.4990234375 0.6708984375 0.0263671875 0.01953125
4 0.7314453125 0.6201171875 0.1923828125 0.5576171875