0 0.3662109375 0.271484375 0.109375 0.0908203125
0 0.37890625 0.7109375 0.1357421875 0.2333984375
1 0.3828125 0.7646484375 0.0380859375 0.0185546875
2 0.21484375 0.6630859375 0.0146484375 0.0185546875
3 0.1708984375 0.3671875 0.033203125 0.1279296875
3 0.1669921875 0.154296875 0.037109375 0.0537109375
3 0.455078125 0.21484375 0.025390625 0.06640625
3 0.49609375 0.1845703125 0.0146484375 0.0458984375
4 0.1865234375 0.6064453125 0.0849609375 0.2353515625
4 0.486328125 0.1513671875 0.0185546875 0.041015625
4 0.3427734375 0.1357421875 0.130859375 0.0986328125
5 0.6357421875 0.205078125 0.1181640625 0.14453125