0 0.2451171875 0.7958984375 0.2060546875 0.2890625
0 0.412109375 0.853515625 0.2001953125 0.29296875
0 0.658203125 0.8095703125 0.17578125 0.2890625
0 0.8837890625 0.912109375 0.2138671875 0.17578125
0 0.85546875 0.7158203125 0.1650390625 0.2236328125
0 0.7001953125 0.6298828125 0.1279296875 0.22265625
0 0.458984375 0.65234375 0.1220703125 0.1943359375
0 0.3388671875 0.6015625 0.169921875 0.22265625
0 0.703125 0.2734375 0.1689453125 0.1279296875
0 0.435546875 0.2744140625 0.12109375 0.078125
0 0.716796875 0.1494140625 0.0654296875 0.064453125
0 0.693359375 0.041015625 0.0205078125 0.037109375
1 0.3837890625 0.9326171875 0.046875 0.0205078125
1 0.642578125 0.8740234375 0.046875 0.0263671875
1 0.865234375 0.7783203125 0.046875 0.0205078125
2 0.302734375 0.6298828125 0.033203125 0.0146484375
3 0.2255859375 0.890625 0.0810546875 0.21875
3 0.5576171875 0.5771484375 0.052734375 0.1943359375
3 0.6259765625 0.5244140625 0.0634765625 0.1962890625
3 0.79296875 0.455078125 0.0498046875 0.150390625
3 0.8095703125 0.5029296875 0.0517578125 0.18359375
3 0.6884765625 0.177734375 0.0419921875 0.0703125
3 0.5927734375 0.2412109375 0.0517578125 0.0830078125
4 0.6103515625 0.0634765625 0.021484375 0.0498046875
4 0.623046875 0.0595703125 0.015625 0.0478515625
4 0.630859375 0.0537109375 0.013671875 0.044921875
5 0.5400390625 0.16015625 0.1748046875 0.138671875