0 0.388671875 0.828125 0.1533203125 0.28515625
1 0.39453125 0.884765625 0.046875 0.0224609375
2 0.2138671875 0.6611328125 0.0146484375 0.0224609375
3 0.1728515625 0.36328125 0.02734375 0.1181640625
3 0.18359375 0.328125 0.07421875 0.1181640625
3 0.5390625 0.3369140625 0.0595703125 0.107421875
3 0.6337890625 0.25 0.0341796875 0.078125
3 0.55078125 0.205078125 0.025390625 0.0537109375
3 0.56640625 0.2138671875 0.0283203125 0.0615234375
3 0.58984375 0.20703125 0.0322265625 0.0556640625
3 0.4423828125 0.1474609375 0.009765625 0.0458984375
4 0.185546875 0.6044921875 0.0869140625 0.2314453125
4 0.4716796875 0.177734375 0.0224609375 0.0556640625
5 0.2080078125 0.134765625 0.17578125 0.111328125