0 0.2431640625 0.791015625 0.20703125 0.27734375
0 0.412109375 0.8505859375 0.2021484375 0.287109375
0 0.658203125 0.8125 0.17578125 0.287109375
0 0.884765625 0.91015625 0.21484375 0.1796875
0 0.8525390625 0.7158203125 0.1552734375 0.2236328125
0 0.6982421875 0.630859375 0.1298828125 0.2236328125
0 0.4609375 0.650390625 0.1240234375 0.181640625
0 0.3369140625 0.599609375 0.1650390625 0.2109375
0 0.486328125 0.2900390625 0.1728515625 0.10546875
0 0.578125 0.2724609375 0.0830078125 0.0888671875
0 0.740234375 0.203125 0.0966796875 0.0869140625
0 0.8583984375 0.166015625 0.1044921875 0.0830078125
0 0.685546875 0.068359375 0.0283203125 0.044921875
1 0.6396484375 0.873046875 0.046875 0.0205078125
1 0.3837890625 0.931640625 0.0439453125 0.0224609375
1 0.8642578125 0.78125 0.0478515625 0.0263671875
2 0.3017578125 0.6279296875 0.03515625 0.0146484375
2 0.5634765625 0.6962890625 0.0146484375 0.0224609375
3 0.2255859375 0.8876953125 0.0751953125 0.2236328125
3 0.5654296875 0.6484375 0.052734375 0.2041015625
3 0.591796875 0.560546875 0.0556640625 0.18359375
3 0.8125 0.5087890625 0.05859375 0.181640625
3 0.7861328125 0.453125 0.0419921875 0.150390625
3 0.640625 0.23828125 0.0537109375 0.0908203125
4 0.6103515625 0.0654296875 0.0205078125 0.0498046875
4 0.62109375 0.0595703125 0.015625 0.041015625
4 0.62890625 0.05078125 0.013671875 0.0390625
5 0.5380859375 0.16015625 0.177734375 0.146484375