0 0.55078125 0.68359375 0.138671875 0.255859375
0 0.509765625 0.8955078125 0.169921875 0.208984375
0 0.794921875 0.853515625 0.205078125 0.29296875
0 0.744140625 0.6044921875 0.12890625 0.205078125
0 0.634765625 0.470703125 0.1044921875 0.1669921875
0 0.0224609375 0.2880859375 0.0439453125 0.11328125
0 0.052734375 0.212890625 0.0908203125 0.0927734375
0 0.3212890625 0.2314453125 0.12109375 0.0810546875
0 0.4521484375 0.0595703125 0.01953125 0.037109375
2 0.1904296875 0.7158203125 0.013671875 0.0244140625
2 0.376953125 0.75 0.0166015625 0.0185546875
2 0.552734375 0.7294921875 0.041015625 0.0146484375
2 0.6318359375 0.4873046875 0.037109375 0.0185546875
2 0.7607421875 0.6806640625 0.0400390625 0.0166015625
2 0.8203125 0.919921875 0.052734375 0.029296875
3 0.2041015625 0.6796875 0.0498046875 0.2294921875
3 0.390625 0.462890625 0.0537109375 0.1552734375
3 0.728515625 0.36328125 0.0595703125 0.14453125
3 0.80078125 0.376953125 0.037109375 0.1162109375
4 0.2177734375 0.2177734375 0.0810546875 0.0947265625
4 0.3408203125 0.671875 0.1064453125 0.2666015625