0 0.3271484375 0.375 0.1083984375 0.1611328125
0 0.07421875 0.2548828125 0.1396484375 0.142578125
0 0.451171875 0.494140625 0.1220703125 0.1962890625
0 0.44921875 0.3544921875 0.1181640625 0.150390625
0 0.58203125 0.419921875 0.091796875 0.1669921875
0 0.4072265625 0.2275390625 0.125 0.1298828125
0 0.3603515625 0.1201171875 0.060546875 0.0810546875
2 0.3154296875 0.3818359375 0.03515625 0.0146484375
2 0.4443359375 0.513671875 0.03125 0.0205078125
3 0.8857421875 0.3828125 0.0419921875 0.171875
3 0.9248046875 0.3271484375 0.037109375 0.138671875
3 0.5205078125 0.3681640625 0.046875 0.1669921875
4 0.4755859375 0.1923828125 0.05078125 0.103515625