0 0.2841796875 0.71484375 0.1376953125 0.2412109375
0 0.642578125 0.671875 0.138671875 0.1884765625
0 0.6513671875 0.87890625 0.1904296875 0.2421875
0 0.8310546875 0.830078125 0.1494140625 0.2607421875
0 0.5712890625 0.3486328125 0.17578125 0.1015625
0 0.634765625 0.25390625 0.0927734375 0.06640625
0 0.6201171875 0.22265625 0.078125 0.0556640625
0 0.4033203125 0.1962890625 0.0361328125 0.0625
0 0.330078125 0.1494140625 0.037109375 0.0537109375
0 0.380859375 0.1708984375 0.0439453125 0.0576171875
0 0.2666015625 0.16796875 0.064453125 0.0576171875
0 0.1669921875 0.181640625 0.0732421875 0.0595703125
0 0.486328125 0.1875 0.0263671875 0.0556640625
0 0.4873046875 0.1435546875 0.0283203125 0.0390625
1 0.6845703125 0.9599609375 0.0478515625 0.0205078125
1 0.654296875 0.7294921875 0.037109375 0.0224609375
2 0.4638671875 0.8896484375 0.0244140625 0.03125
2 0.2802734375 0.751953125 0.0419921875 0.0185546875
2 0.107421875 0.8037109375 0.01953125 0.0185546875
3 0.1123046875 0.7568359375 0.0634765625 0.2392578125
3 0.232421875 0.6220703125 0.060546875 0.177734375
3 0.4267578125 0.5341796875 0.0771484375 0.1611328125
3 0.5537109375 0.681640625 0.0322265625 0.1962890625
3 0.7353515625 0.6337890625 0.0576171875 0.1669921875
3 0.96875 0.921875 0.0625 0.1484375
4 0.4462890625 0.1796875 0.021484375 0.0517578125
4 0.4560546875 0.201171875 0.0341796875 0.068359375
6 0.4677734375 0.7431640625 0.1416015625 0.357421875
6 0.5224609375 0.2109375 0.0673828125 0.0966796875