0 0.3349609375 0.7861328125 0.123046875 0.3125
0 0.501953125 0.7841796875 0.1357421875 0.2607421875
0 0.615234375 0.548828125 0.1220703125 0.1689453125
0 0.3115234375 0.32421875 0.119140625 0.099609375
0 0.6162109375 0.2197265625 0.0654296875 0.0576171875
0 0.4775390625 0.1728515625 0.041015625 0.04296875
0 0.3681640625 0.1484375 0.03125 0.0478515625
0 0.8759765625 0.169921875 0.0302734375 0.0478515625
1 0.333984375 0.8486328125 0.044921875 0.0185546875
2 0.5107421875 0.814453125 0.041015625 0.0185546875
3 0.5830078125 0.6357421875 0.044921875 0.1796875
3 0.3310546875 0.5224609375 0.037109375 0.140625
3 0.4765625 0.5556640625 0.044921875 0.1630859375
3 0.5087890625 0.4921875 0.041015625 0.1337890625
3 0.4658203125 0.3134765625 0.0283203125 0.0908203125
4 0.4990234375 0.943359375 0.12890625 0.11328125
4 0.751953125 0.6416015625 0.1025390625 0.2275390625
4 0.458984375 0.2001953125 0.03515625 0.0595703125
4 0.41796875 0.1669921875 0.025390625 0.0478515625
4 0.3955078125 0.1494140625 0.0146484375 0.04296875
4 0.9169921875 0.3076171875 0.0771484375 0.0966796875
6 0.9267578125 0.1494140625 0.0458984375 0.1015625
6 0.52734375 0.2119140625 0.0625 0.1015625