0 0.3212890625 0.8486328125 0.1337890625 0.2109375
0 0.4423828125 0.8134765625 0.130859375 0.2236328125
0 0.5126953125 0.9609375 0.1572265625 0.078125
0 0.673828125 0.7158203125 0.11328125 0.171875
0 0.3857421875 0.4765625 0.09375 0.0908203125
0 0.3974609375 0.4375 0.1181640625 0.072265625
0 0.5712890625 0.4326171875 0.1162109375 0.072265625
0 0.63671875 0.3603515625 0.06640625 0.0498046875
0 0.4755859375 0.3037109375 0.033203125 0.0478515625
0 0.5234375 0.3154296875 0.0341796875 0.0576171875
0 0.4580078125 0.2763671875 0.029296875 0.041015625
0 0.474609375 0.2568359375 0.01953125 0.03125
0 0.498046875 0.24609375 0.01953125 0.0263671875
0 0.9599609375 0.44140625 0.080078125 0.0947265625
2 0.3076171875 0.9013671875 0.0361328125 0.0205078125
2 0.4326171875 0.8935546875 0.0400390625 0.0205078125
2 0.7568359375 0.955078125 0.0146484375 0.0205078125
3 0.259765625 0.65625 0.04296875 0.138671875
3 0.369140625 0.638671875 0.060546875 0.1484375
3 0.8330078125 0.82421875 0.0322265625 0.185546875
3 0.4658203125 0.458984375 0.0654296875 0.0966796875
3 0.5439453125 0.46484375 0.0615234375 0.099609375
3 0.609375 0.5263671875 0.05859375 0.142578125
3 0.7197265625 0.5625 0.04296875 0.146484375
3 0.765625 0.4765625 0.05859375 0.0869140625
3 0.6845703125 0.37109375 0.033203125 0.0537109375
3 0.5390625 0.3359375 0.021484375 0.0576171875
4 0.216796875 0.763671875 0.0947265625 0.2021484375
4 0.5791015625 0.7802734375 0.0791015625 0.2392578125
4 0.662109375 0.904296875 0.119140625 0.1904296875
6 0.1669921875 0.875 0.14453125 0.25
6 0.74609375 0.8134765625 0.138671875 0.32421875
4 0.2958984375 0.4794921875 0.0947265625 0.1220703125