0 0.2861328125 0.72265625 0.1396484375 0.251953125
0 0.6533203125 0.8798828125 0.189453125 0.240234375
0 0.8291015625 0.8369140625 0.1552734375 0.27734375
0 0.6474609375 0.671875 0.1396484375 0.1923828125
0 0.4375 0.3330078125 0.1474609375 0.107421875
0 0.169921875 0.1826171875 0.0712890625 0.064453125
0 0.3525390625 0.1708984375 0.0576171875 0.0576171875
0 0.3291015625 0.1484375 0.0341796875 0.0478515625
0 0.638671875 0.23046875 0.07421875 0.0576171875
0 0.5068359375 0.2255859375 0.07421875 0.0625
0 0.408203125 0.1845703125 0.03515625 0.0615234375
0 0.52734375 0.2001953125 0.0517578125 0.0478515625
0 0.4873046875 0.1865234375 0.0283203125 0.0390625
1 0.6826171875 0.9599609375 0.0498046875 0.0244140625
1 0.654296875 0.73046875 0.037109375 0.0205078125
2 0.2802734375 0.75 0.0400390625 0.0185546875
2 0.46484375 0.8876953125 0.0224609375 0.03125
3 0.154296875 0.6171875 0.0576171875 0.1904296875
3 0.5517578125 0.6904296875 0.0322265625 0.2001953125
3 0.541015625 0.578125 0.095703125 0.169921875
3 0.568359375 0.4580078125 0.033203125 0.138671875
3 0.734375 0.6376953125 0.05859375 0.1904296875
3 0.966796875 0.9130859375 0.06640625 0.13671875
3 0.5576171875 0.22265625 0.02734375 0.0625
3 0.5927734375 0.232421875 0.0302734375 0.064453125
6 0.4697265625 0.7509765625 0.138671875 0.3720703125
6 0.447265625 0.19140625 0.0439453125 0.0947265625