0 0.376953125 0.712890625 0.1376953125 0.2333984375
0 0.45703125 0.283203125 0.115234375 0.0927734375
1 0.380859375 0.7626953125 0.0419921875 0.0185546875
2 0.2138671875 0.669921875 0.0166015625 0.0205078125
3 0.169921875 0.3681640625 0.02734375 0.1181640625
3 0.4306640625 0.205078125 0.0185546875 0.0615234375
3 0.46875 0.17578125 0.0146484375 0.0478515625
3 0.490234375 0.177734375 0.01171875 0.044921875
3 0.482421875 0.169921875 0.0107421875 0.041015625
4 0.1845703125 0.6015625 0.083984375 0.2255859375
5 0.3720703125 0.1357421875 0.1103515625 0.0947265625
5 0.6083984375 0.203125 0.171875 0.142578125