0 0.3330078125 0.7841796875 0.12109375 0.3095703125
0 0.50390625 0.8232421875 0.140625 0.287109375
0 0.552734375 0.3291015625 0.109375 0.0986328125
0 0.37109375 0.1572265625 0.0380859375 0.0478515625
0 0.6123046875 0.5517578125 0.1083984375 0.1591796875
2 0.5166015625 0.85546875 0.04296875 0.0263671875
2 0.3349609375 0.8505859375 0.041015625 0.0244140625
3 0.232421875 0.70703125 0.05078125 0.22265625
3 0.2958984375 0.560546875 0.0537109375 0.146484375
3 0.5009765625 0.505859375 0.0439453125 0.1513671875
3 0.5205078125 0.6044921875 0.04296875 0.142578125
3 0.6318359375 0.7041015625 0.060546875 0.2001953125
4 0.7607421875 0.66796875 0.1044921875 0.24609375
4 0.4072265625 0.1552734375 0.0263671875 0.044921875
4 0.4619140625 0.1806640625 0.025390625 0.0615234375
6 0.1904296875 0.318359375 0.1181640625 0.1669921875
6 0.931640625 0.1513671875 0.0478515625 0.1015625
6 0.59765625 0.2255859375 0.072265625 0.0810546875