0 0.3173828125 0.849609375 0.130859375 0.21484375
0 0.4462890625 0.8203125 0.1298828125 0.2294921875
0 0.669921875 0.72265625 0.10546875 0.1630859375
0 0.5107421875 0.9609375 0.16015625 0.078125
0 0.4228515625 0.470703125 0.1064453125 0.0927734375
0 0.431640625 0.4326171875 0.119140625 0.064453125
0 0.6142578125 0.4287109375 0.111328125 0.0830078125
0 0.658203125 0.3642578125 0.0751953125 0.064453125
0 0.478515625 0.30078125 0.03515625 0.0537109375
0 0.529296875 0.31640625 0.03515625 0.0556640625
0 0.4580078125 0.279296875 0.029296875 0.0478515625
0 0.4765625 0.2607421875 0.021484375 0.037109375
0 0.45703125 0.234375 0.0205078125 0.02734375
0 0.49609375 0.2509765625 0.01953125 0.0244140625
2 0.306640625 0.8994140625 0.041015625 0.0205078125
2 0.431640625 0.8984375 0.0380859375 0.0185546875
2 0.7578125 0.9521484375 0.013671875 0.0185546875
3 0.3701171875 0.634765625 0.056640625 0.1552734375
3 0.26171875 0.65234375 0.0458984375 0.146484375
3 0.5048828125 0.45703125 0.046875 0.0888671875
3 0.5830078125 0.458984375 0.060546875 0.0966796875
3 0.60546875 0.529296875 0.0478515625 0.1298828125
3 0.7197265625 0.5625 0.052734375 0.140625
3 0.5478515625 0.337890625 0.0283203125 0.0576171875
4 0.2197265625 0.75390625 0.0908203125 0.181640625
4 0.3212890625 0.4814453125 0.0927734375 0.111328125
4 0.5771484375 0.7802734375 0.08203125 0.2421875
4 0.6630859375 0.904296875 0.123046875 0.1904296875
6 0.1728515625 0.875 0.154296875 0.25
6 0.7451171875 0.8212890625 0.13671875 0.3349609375