0 0.583984375 0.5205078125 0.1240234375 0.181640625
0 0.765625 0.84375 0.1875 0.3125
0 0.650390625 0.2236328125 0.1337890625 0.0947265625
0 0.5517578125 0.1875 0.107421875 0.078125
0 0.6845703125 0.1611328125 0.11328125 0.07421875
0 0.84765625 0.1708984375 0.12890625 0.0947265625
0 0.8740234375 0.224609375 0.12109375 0.0986328125
0 0.69140625 0.0419921875 0.03125 0.0458984375
0 0.740234375 0.044921875 0.0419921875 0.0390625
2 0.56640625 0.5400390625 0.033203125 0.0166015625
3 0.6572265625 0.6181640625 0.0537109375 0.2109375
4 0.5927734375 0.0693359375 0.0185546875 0.0458984375
4 0.607421875 0.0634765625 0.0185546875 0.0458984375
4 0.6201171875 0.05859375 0.0185546875 0.0458984375