0 0.2412109375 0.794921875 0.203125 0.279296875
0 0.41015625 0.849609375 0.197265625 0.2890625
0 0.66015625 0.81640625 0.1748046875 0.2958984375
0 0.8837890625 0.91015625 0.212890625 0.1796875
0 0.853515625 0.7158203125 0.16015625 0.2236328125
0 0.69921875 0.6337890625 0.130859375 0.2236328125
0 0.4599609375 0.6513671875 0.1259765625 0.18359375
0 0.337890625 0.5986328125 0.1669921875 0.208984375
0 0.583984375 0.279296875 0.173828125 0.1220703125
0 0.572265625 0.1943359375 0.109375 0.0625
0 0.7001953125 0.26953125 0.095703125 0.0986328125
0 0.7392578125 0.19921875 0.103515625 0.080078125
0 0.6845703125 0.072265625 0.0283203125 0.0478515625
1 0.3837890625 0.931640625 0.048828125 0.0224609375
1 0.6416015625 0.873046875 0.046875 0.02734375
2 0.8642578125 0.7822265625 0.046875 0.0244140625
2 0.560546875 0.7119140625 0.017578125 0.0205078125
2 0.3037109375 0.6298828125 0.0341796875 0.0185546875
3 0.2265625 0.888671875 0.078125 0.22265625
3 0.56640625 0.6669921875 0.060546875 0.2294921875
3 0.5888671875 0.5732421875 0.0498046875 0.2021484375
3 0.8095703125 0.5048828125 0.05078125 0.18359375
3 0.7861328125 0.4560546875 0.04296875 0.1533203125
4 0.6103515625 0.0625 0.01953125 0.0478515625
4 0.62109375 0.05859375 0.015625 0.0498046875
4 0.6298828125 0.0546875 0.015625 0.0458984375
5 0.5400390625 0.146484375 0.169921875 0.111328125