0 0.2841796875 0.72265625 0.134765625 0.2626953125
0 0.6455078125 0.6796875 0.140625 0.20703125
0 0.6533203125 0.87890625 0.1904296875 0.2421875
0 0.826171875 0.818359375 0.1572265625 0.2333984375
0 0.3603515625 0.3359375 0.1787109375 0.109375
0 0.572265625 0.2421875 0.0888671875 0.0703125
0 0.16796875 0.1806640625 0.0732421875 0.064453125
0 0.31640625 0.171875 0.060546875 0.0517578125
0 0.3310546875 0.1455078125 0.0322265625 0.04296875
0 0.3994140625 0.169921875 0.0400390625 0.0458984375
0 0.40234375 0.189453125 0.029296875 0.0615234375
0 0.5322265625 0.1572265625 0.0322265625 0.037109375
0 0.572265625 0.2099609375 0.076171875 0.0458984375
0 0.50390625 0.140625 0.0263671875 0.037109375
1 0.6826171875 0.95703125 0.0478515625 0.0185546875
2 0.46484375 0.888671875 0.021484375 0.029296875
2 0.279296875 0.75 0.0380859375 0.0224609375
2 0.654296875 0.7314453125 0.0361328125 0.0185546875
2 0.1142578125 0.7294921875 0.0166015625 0.0146484375
3 0.125 0.6875 0.060546875 0.2109375
3 0.3427734375 0.5791015625 0.0966796875 0.150390625
3 0.513671875 0.49609375 0.0517578125 0.140625
3 0.5517578125 0.685546875 0.03125 0.2001953125
3 0.73046875 0.6318359375 0.052734375 0.169921875
3 0.4306640625 0.154296875 0.0107421875 0.04296875
3 0.66015625 0.2412109375 0.0380859375 0.072265625
4 0.443359375 0.1953125 0.0322265625 0.064453125
4 0.4501953125 0.16796875 0.0263671875 0.0390625
6 0.4697265625 0.7490234375 0.13671875 0.3759765625
6 0.4833984375 0.205078125 0.056640625 0.0947265625