0 0.390625 0.3203125 0.130859375 0.140625
0 0.453125 0.4912109375 0.12890625 0.1884765625
0 0.4833984375 0.62890625 0.140625 0.2353515625
0 0.537109375 0.298828125 0.099609375 0.142578125
0 0.5859375 0.4267578125 0.0927734375 0.1689453125
0 0.53125 0.1640625 0.099609375 0.0947265625
0 0.900390625 0.0751953125 0.0654296875 0.068359375
2 0.3603515625 0.3271484375 0.0302734375 0.0166015625
2 0.478515625 0.646484375 0.041015625 0.0224609375
3 0.8740234375 0.3037109375 0.033203125 0.1484375
3 0.9375 0.3056640625 0.0419921875 0.13671875