0 0.2431640625 0.7890625 0.203125 0.27734375
0 0.41015625 0.8525390625 0.2021484375 0.294921875
0 0.658203125 0.8154296875 0.1728515625 0.2978515625
0 0.884765625 0.91015625 0.2138671875 0.1796875
0 0.853515625 0.716796875 0.162109375 0.22265625
0 0.6982421875 0.6328125 0.1318359375 0.220703125
0 0.4599609375 0.6494140625 0.125 0.17578125
0 0.337890625 0.607421875 0.16796875 0.21875
0 0.6123046875 0.2763671875 0.1669921875 0.1220703125
0 0.734375 0.2177734375 0.064453125 0.0908203125
0 0.7041015625 0.142578125 0.0615234375 0.0625
0 0.6953125 0.033203125 0.021484375 0.037109375
0 0.857421875 0.1669921875 0.0634765625 0.078125
1 0.3828125 0.9326171875 0.048828125 0.0205078125
1 0.640625 0.875 0.0478515625 0.0244140625
1 0.8642578125 0.783203125 0.0478515625 0.0263671875
2 0.3017578125 0.62890625 0.0361328125 0.0166015625
2 0.6962890625 0.669921875 0.0341796875 0.0166015625
3 0.2275390625 0.8876953125 0.08203125 0.220703125
3 0.5576171875 0.5537109375 0.0595703125 0.1884765625
3 0.646484375 0.5087890625 0.0654296875 0.1796875
3 0.8115234375 0.5048828125 0.0576171875 0.1796875
3 0.79296875 0.455078125 0.0478515625 0.150390625
3 0.6884765625 0.185546875 0.0419921875 0.078125
4 0.6083984375 0.0654296875 0.021484375 0.0498046875
4 0.62109375 0.05859375 0.0166015625 0.04296875
4 0.6298828125 0.0537109375 0.015625 0.0517578125
5 0.5390625 0.1591796875 0.173828125 0.1298828125