0 0.3212890625 0.8486328125 0.138671875 0.2109375
0 0.4462890625 0.81640625 0.1298828125 0.2294921875
0 0.51171875 0.9609375 0.16015625 0.078125
0 0.646484375 0.6708984375 0.1142578125 0.1611328125
0 0.3916015625 0.46484375 0.140625 0.0927734375
0 0.5283203125 0.44140625 0.13671875 0.0908203125
0 0.71875 0.4560546875 0.125 0.0830078125
0 0.794921875 0.3671875 0.072265625 0.0830078125
0 0.6279296875 0.359375 0.0673828125 0.0625
0 0.5205078125 0.322265625 0.0380859375 0.0517578125
0 0.4638671875 0.271484375 0.025390625 0.03515625
0 0.51171875 0.27734375 0.021484375 0.041015625
0 0.498046875 0.2294921875 0.015625 0.029296875
0 0.4609375 0.2021484375 0.013671875 0.0224609375
0 0.4833984375 0.2119140625 0.015625 0.0244140625
2 0.3076171875 0.8984375 0.0380859375 0.0224609375
2 0.431640625 0.900390625 0.0341796875 0.0185546875
2 0.7568359375 0.951171875 0.013671875 0.0205078125
3 0.0791015625 0.896484375 0.029296875 0.20703125
3 0.3701171875 0.634765625 0.046875 0.1484375
3 0.6025390625 0.5380859375 0.033203125 0.10546875
3 0.3349609375 0.48828125 0.0673828125 0.0986328125
3 0.7177734375 0.6015625 0.0302734375 0.115234375
3 0.48046875 0.322265625 0.0126953125 0.0595703125
4 0.216796875 0.7587890625 0.095703125 0.1884765625
4 0.58203125 0.7294921875 0.078125 0.2109375
4 0.6630859375 0.9052734375 0.1201171875 0.1884765625
6 0.1708984375 0.873046875 0.1494140625 0.25390625
6 0.74609375 0.8173828125 0.140625 0.31640625