0 0.1318359375 0.2578125 0.17578125 0.14453125
0 0.330078125 0.373046875 0.10546875 0.1572265625
0 0.4501953125 0.49609375 0.1240234375 0.1962890625
0 0.4482421875 0.357421875 0.1162109375 0.14453125
0 0.58203125 0.4189453125 0.0908203125 0.1552734375
0 0.43359375 0.2255859375 0.11328125 0.13671875
0 0.6162109375 0.154296875 0.11328125 0.1015625
0 0.9306640625 0.1513671875 0.1259765625 0.0966796875
2 0.3173828125 0.3837890625 0.03125 0.0146484375
2 0.4482421875 0.5146484375 0.0322265625 0.0263671875
2 0.587890625 0.4638671875 0.025390625 0.0166015625
3 0.88671875 0.390625 0.0537109375 0.1630859375
3 0.9267578125 0.328125 0.037109375 0.13671875