0 0.3525390625 0.3544921875 0.123046875 0.1650390625
0 0.48046875 0.3447265625 0.1240234375 0.1513671875
0 0.44921875 0.4892578125 0.1279296875 0.173828125
0 0.4853515625 0.6787109375 0.15625 0.25
0 0.5830078125 0.4267578125 0.08984375 0.1689453125
0 0.423828125 0.0966796875 0.091796875 0.0625
0 0.8701171875 0.1640625 0.1083984375 0.0947265625
0 0.927734375 0.1328125 0.134765625 0.0869140625
2 0.3251953125 0.3564453125 0.0283203125 0.0205078125
2 0.4482421875 0.51171875 0.0283203125 0.0205078125
2 0.4794921875 0.705078125 0.0498046875 0.02734375
3 0.8623046875 0.3251953125 0.02734375 0.150390625
3 0.9248046875 0.330078125 0.03515625 0.150390625
4 0.1611328125 0.2607421875 0.1201171875 0.14453125