0 0.578125 0.4560546875 0.1044921875 0.1611328125
0 0.7666015625 0.599609375 0.140625 0.2255859375
0 0.5537109375 0.21484375 0.107421875 0.0703125
0 0.677734375 0.1982421875 0.07421875 0.0849609375
0 0.7412109375 0.216796875 0.126953125 0.0927734375
0 0.8134765625 0.1767578125 0.1201171875 0.0869140625
0 0.923828125 0.1962890625 0.1123046875 0.0810546875
0 0.7138671875 0.04296875 0.021484375 0.044921875
0 0.73828125 0.0478515625 0.041015625 0.044921875
2 0.5849609375 0.4736328125 0.029296875 0.0185546875
3 0.6904296875 0.4833984375 0.04296875 0.173828125
4 0.5908203125 0.0693359375 0.025390625 0.0498046875
4 0.6064453125 0.06640625 0.0185546875 0.044921875
4 0.6201171875 0.0537109375 0.0185546875 0.044921875