0 0.2451171875 0.794921875 0.2099609375 0.28515625
0 0.412109375 0.8515625 0.2001953125 0.2958984375
0 0.6572265625 0.8125 0.169921875 0.279296875
0 0.3369140625 0.599609375 0.166015625 0.21484375
0 0.4541015625 0.650390625 0.1220703125 0.177734375
0 0.6982421875 0.634765625 0.13671875 0.2255859375
0 0.853515625 0.71875 0.16015625 0.2294921875
0 0.88671875 0.912109375 0.21875 0.17578125
0 0.43359375 0.2939453125 0.16796875 0.109375
0 0.5166015625 0.2763671875 0.080078125 0.0849609375
0 0.7431640625 0.205078125 0.0966796875 0.0947265625
0 0.841796875 0.16796875 0.1044921875 0.076171875
0 0.685546875 0.0654296875 0.025390625 0.04296875
1 0.3837890625 0.9296875 0.046875 0.0263671875
1 0.640625 0.8740234375 0.0478515625 0.0263671875
1 0.8642578125 0.78125 0.0478515625 0.0224609375
2 0.3017578125 0.62890625 0.03515625 0.0205078125
2 0.564453125 0.6875 0.01171875 0.0205078125
3 0.2255859375 0.890625 0.078125 0.21875
3 0.56640625 0.6435546875 0.0498046875 0.216796875
3 0.5869140625 0.5556640625 0.046875 0.185546875
3 0.8125 0.505859375 0.05859375 0.1884765625
3 0.7900390625 0.4580078125 0.0458984375 0.1572265625
3 0.642578125 0.2412109375 0.0498046875 0.0888671875
4 0.607421875 0.0625 0.021484375 0.04296875
4 0.6201171875 0.056640625 0.01953125 0.04296875
4 0.6298828125 0.0556640625 0.0126953125 0.044921875
5 0.5400390625 0.1669921875 0.18359375 0.1484375