0 0.2421875 0.79296875 0.201171875 0.27734375
0 0.4091796875 0.85546875 0.197265625 0.2890625
0 0.658203125 0.81640625 0.1728515625 0.2958984375
0 0.8857421875 0.9091796875 0.2197265625 0.181640625
0 0.853515625 0.7177734375 0.15625 0.220703125
0 0.6982421875 0.6279296875 0.1298828125 0.21875
0 0.458984375 0.6513671875 0.125 0.1796875
0 0.337890625 0.603515625 0.16796875 0.21875
0 0.7392578125 0.2783203125 0.1787109375 0.1240234375
0 0.716796875 0.1923828125 0.1201171875 0.07421875
0 0.6865234375 0.0771484375 0.0283203125 0.0537109375
0 0.876953125 0.2587890625 0.1103515625 0.0966796875
1 0.3798828125 0.9384765625 0.048828125 0.0224609375
1 0.6396484375 0.873046875 0.0478515625 0.02734375
1 0.865234375 0.7822265625 0.048828125 0.0244140625
2 0.3017578125 0.62890625 0.0361328125 0.0205078125
3 0.2255859375 0.8896484375 0.076171875 0.220703125
3 0.5615234375 0.68359375 0.052734375 0.2294921875
3 0.587890625 0.587890625 0.0537109375 0.1943359375
3 0.8115234375 0.5048828125 0.04296875 0.1875
3 0.78515625 0.453125 0.0361328125 0.1533203125
3 0.6455078125 0.232421875 0.052734375 0.0908203125
4 0.609375 0.064453125 0.0185546875 0.044921875
4 0.6220703125 0.0595703125 0.0166015625 0.0478515625
4 0.62890625 0.0517578125 0.0146484375 0.044921875
5 0.5400390625 0.1396484375 0.16796875 0.10546875
0 0.5751953125 0.1982421875 0.1044921875 0.06640625