0 0.3193359375 0.8525390625 0.1337890625 0.208984375
0 0.4443359375 0.8203125 0.1279296875 0.2333984375
0 0.513671875 0.9580078125 0.154296875 0.0830078125
0 0.6376953125 0.6455078125 0.1044921875 0.1533203125
0 0.4697265625 0.45703125 0.1298828125 0.0888671875
0 0.265625 0.4453125 0.1337890625 0.0830078125
0 0.6572265625 0.3564453125 0.0869140625 0.076171875
0 0.50390625 0.3017578125 0.0341796875 0.0478515625
0 0.54296875 0.3359375 0.048828125 0.064453125
0 0.5087890625 0.265625 0.0263671875 0.04296875
0 0.4609375 0.26171875 0.0244140625 0.04296875
0 0.4599609375 0.201171875 0.0166015625 0.0205078125
0 0.4970703125 0.21875 0.013671875 0.0224609375
2 0.30859375 0.8994140625 0.0380859375 0.0244140625
2 0.0703125 0.9443359375 0.015625 0.0185546875
2 0.4326171875 0.8984375 0.04296875 0.0224609375
2 0.60546875 0.765625 0.0107421875 0.0126953125
2 0.654296875 0.66015625 0.0283203125 0.0126953125
2 0.7568359375 0.955078125 0.0146484375 0.0263671875
3 0.076171875 0.8935546875 0.041015625 0.205078125
3 0.2646484375 0.66015625 0.0478515625 0.142578125
3 0.369140625 0.6376953125 0.052734375 0.1611328125
3 0.5986328125 0.5185546875 0.037109375 0.1298828125
3 0.7197265625 0.6142578125 0.037109375 0.1162109375
3 0.4462890625 0.3037109375 0.0146484375 0.0556640625
3 0.4736328125 0.2890625 0.0126953125 0.041015625
4 0.2177734375 0.759765625 0.09765625 0.18359375
4 0.580078125 0.7138671875 0.07421875 0.208984375
4 0.66015625 0.9033203125 0.1259765625 0.1923828125
6 0.1689453125 0.8642578125 0.1533203125 0.25
6 0.7451171875 0.828125 0.142578125 0.3408203125