0 0.212890625 0.2294921875 0.1220703125 0.0888671875
0 0.0517578125 0.19921875 0.05859375 0.076171875
0 0.029296875 0.1640625 0.0537109375 0.0830078125
0 0.5498046875 0.6865234375 0.1435546875 0.25
0 0.5078125 0.8798828125 0.1640625 0.240234375
0 0.63671875 0.4697265625 0.1064453125 0.1689453125
0 0.744140625 0.611328125 0.1318359375 0.21484375
0 0.796875 0.8525390625 0.2080078125 0.294921875
0 0.1025390625 0.1474609375 0.046875 0.0576171875
0 0.1318359375 0.13671875 0.046875 0.0625
0 0.4560546875 0.05859375 0.017578125 0.03125
2 0.3740234375 0.7490234375 0.017578125 0.0244140625
2 0.205078125 0.6826171875 0.0146484375 0.0205078125
2 0.5537109375 0.7294921875 0.041015625 0.0146484375
2 0.5166015625 0.966796875 0.0576171875 0.0263671875
2 0.6298828125 0.4814453125 0.0322265625 0.0185546875
2 0.759765625 0.67578125 0.037109375 0.0263671875
2 0.8212890625 0.91796875 0.0625 0.03125
3 0.2197265625 0.6494140625 0.0517578125 0.2236328125
3 0.474609375 0.419921875 0.0517578125 0.14453125
3 0.787109375 0.3427734375 0.037109375 0.1337890625
4 0.3447265625 0.6767578125 0.1083984375 0.279296875
4 0.140625 0.2119140625 0.0751953125 0.0947265625