0 0.2421875 0.7919921875 0.205078125 0.2724609375
0 0.41015625 0.8486328125 0.197265625 0.28515625
0 0.6572265625 0.81640625 0.1748046875 0.29296875
0 0.8828125 0.91015625 0.2158203125 0.1796875
0 0.8525390625 0.716796875 0.1630859375 0.22265625
0 0.697265625 0.62890625 0.1337890625 0.216796875
0 0.4580078125 0.6484375 0.1240234375 0.173828125
0 0.3388671875 0.599609375 0.1650390625 0.21484375
0 0.6513671875 0.2587890625 0.140625 0.0986328125
0 0.7470703125 0.20703125 0.0751953125 0.0888671875
0 0.7607421875 0.1572265625 0.0888671875 0.06640625
0 0.8837890625 0.251953125 0.1787109375 0.1220703125
0 0.6904296875 0.0478515625 0.0263671875 0.041015625
1 0.380859375 0.93359375 0.0478515625 0.0224609375
1 0.642578125 0.873046875 0.046875 0.0244140625
1 0.865234375 0.7822265625 0.0498046875 0.0205078125
2 0.302734375 0.6328125 0.0361328125 0.0205078125
3 0.2236328125 0.8857421875 0.0791015625 0.2275390625
3 0.572265625 0.615234375 0.05859375 0.21484375
3 0.6025390625 0.544921875 0.048828125 0.1962890625
3 0.810546875 0.5048828125 0.0498046875 0.1904296875
3 0.7841796875 0.44921875 0.0302734375 0.1572265625
3 0.685546875 0.17578125 0.041015625 0.078125
4 0.6103515625 0.0625 0.0205078125 0.0478515625
4 0.62109375 0.0546875 0.0146484375 0.0458984375
4 0.6337890625 0.0537109375 0.0107421875 0.044921875
5 0.541015625 0.1630859375 0.16796875 0.1552734375