0 0.2421875 0.7939453125 0.205078125 0.283203125
0 0.404296875 0.8603515625 0.2021484375 0.279296875
0 0.6572265625 0.8134765625 0.17578125 0.291015625
0 0.8876953125 0.908203125 0.2236328125 0.17578125
0 0.8544921875 0.716796875 0.16015625 0.2255859375
0 0.6982421875 0.6328125 0.12890625 0.2275390625
0 0.4580078125 0.6728515625 0.1259765625 0.2314453125
0 0.337890625 0.6025390625 0.1689453125 0.220703125
0 0.83984375 0.2685546875 0.1826171875 0.1220703125
0 0.708984375 0.1953125 0.1103515625 0.080078125
0 0.6904296875 0.0849609375 0.033203125 0.0595703125
0 0.5791015625 0.203125 0.1005859375 0.072265625
1 0.3759765625 0.951171875 0.046875 0.0205078125
1 0.6416015625 0.8759765625 0.0478515625 0.0263671875
1 0.865234375 0.78125 0.046875 0.0185546875
2 0.6943359375 0.6689453125 0.033203125 0.0185546875
2 0.302734375 0.630859375 0.033203125 0.0126953125
2 0.5556640625 0.7392578125 0.015625 0.0146484375
3 0.2275390625 0.888671875 0.0771484375 0.22265625
3 0.55859375 0.6904296875 0.052734375 0.2294921875
3 0.583984375 0.5966796875 0.052734375 0.2041015625
3 0.8134765625 0.5048828125 0.0537109375 0.17578125
3 0.7919921875 0.45703125 0.05078125 0.1630859375
3 0.654296875 0.240234375 0.044921875 0.080078125
4 0.611328125 0.064453125 0.0205078125 0.044921875
4 0.62109375 0.0595703125 0.017578125 0.041015625
4 0.626953125 0.0546875 0.017578125 0.0458984375
5 0.5380859375 0.150390625 0.173828125 0.1220703125