0 0.3203125 0.8505859375 0.13671875 0.208984375
0 0.4443359375 0.81640625 0.1357421875 0.22265625
0 0.5107421875 0.9619140625 0.1591796875 0.076171875
0 0.6357421875 0.62890625 0.099609375 0.150390625
0 0.2373046875 0.4658203125 0.072265625 0.0947265625
0 0.5576171875 0.3349609375 0.0654296875 0.06640625
0 0.505859375 0.310546875 0.033203125 0.0458984375
0 0.4560546875 0.251953125 0.017578125 0.037109375
0 0.5048828125 0.25 0.017578125 0.029296875
0 0.4970703125 0.21484375 0.015625 0.0263671875
2 0.072265625 0.9423828125 0.0126953125 0.0185546875
2 0.3095703125 0.8994140625 0.041015625 0.0205078125
2 0.4326171875 0.8974609375 0.0361328125 0.0205078125
2 0.607421875 0.7578125 0.0126953125 0.0146484375
2 0.6494140625 0.6455078125 0.02734375 0.0205078125
2 0.759765625 0.9501953125 0.017578125 0.0224609375
3 0.080078125 0.8974609375 0.0390625 0.205078125
3 0.2607421875 0.6630859375 0.052734375 0.1484375
3 0.3681640625 0.6376953125 0.05859375 0.1533203125
3 0.7216796875 0.607421875 0.0380859375 0.1298828125
3 0.4384765625 0.279296875 0.01171875 0.044921875
3 0.47265625 0.2763671875 0.013671875 0.0390625
4 0.21484375 0.7587890625 0.0947265625 0.1875
4 0.58203125 0.703125 0.076171875 0.208984375
4 0.6611328125 0.9033203125 0.126953125 0.185546875
4 0.5537109375 0.455078125 0.080078125 0.103515625
4 0.6142578125 0.4736328125 0.08203125 0.0966796875
6 0.173828125 0.876953125 0.1533203125 0.24609375
6 0.748046875 0.818359375 0.140625 0.3115234375