0 0.337890625 0.791015625 0.1357421875 0.322265625
0 0.517578125 0.873046875 0.1533203125 0.25390625
0 0.6123046875 0.546875 0.1142578125 0.1650390625
0 0.3916015625 0.16796875 0.04296875 0.0537109375
0 0.953125 0.283203125 0.09375 0.0810546875
0 0.515625 0.1865234375 0.0517578125 0.0537109375
0 0.6123046875 0.2294921875 0.0693359375 0.0478515625
0 0.876953125 0.169921875 0.037109375 0.0537109375
1 0.3349609375 0.8466796875 0.041015625 0.0185546875
1 0.5302734375 0.955078125 0.044921875 0.0244140625
2 0.197265625 0.9609375 0.0205078125 0.0224609375
2 0.7685546875 0.9482421875 0.017578125 0.0185546875
3 0.2021484375 0.884765625 0.072265625 0.2294921875
3 0.2197265625 0.6513671875 0.0439453125 0.1875
3 0.302734375 0.3369140625 0.0576171875 0.0888671875
3 0.5048828125 0.5029296875 0.041015625 0.1533203125
3 0.58984375 0.7431640625 0.0595703125 0.220703125
3 0.751953125 0.869140625 0.07421875 0.25
3 0.392578125 0.2646484375 0.0244140625 0.0810546875
4 0.7861328125 0.69921875 0.11328125 0.2607421875
4 0.4326171875 0.1669921875 0.0224609375 0.0625
4 0.8466796875 0.173828125 0.0224609375 0.0517578125
6 0.5732421875 0.341796875 0.1845703125 0.1689453125
6 0.9287109375 0.1494140625 0.048828125 0.10546875