0 0.55078125 0.689453125 0.1396484375 0.2578125
0 0.509765625 0.8779296875 0.1591796875 0.244140625
0 0.6357421875 0.46875 0.1044921875 0.1669921875
0 0.7451171875 0.6103515625 0.1259765625 0.212890625
0 0.7978515625 0.8515625 0.2080078125 0.2958984375
0 0.0517578125 0.19921875 0.0595703125 0.076171875
0 0.029296875 0.1572265625 0.056640625 0.0703125
2 0.1396484375 0.7822265625 0.0166015625 0.0205078125
2 0.2119140625 0.666015625 0.0146484375 0.0205078125
2 0.3740234375 0.7470703125 0.0146484375 0.0244140625
2 0.5498046875 0.7255859375 0.03515625 0.0146484375
2 0.517578125 0.958984375 0.0556640625 0.0263671875
2 0.630859375 0.4833984375 0.03515625 0.0146484375
2 0.759765625 0.6796875 0.0341796875 0.0146484375
2 0.8193359375 0.916015625 0.0556640625 0.03125
3 0.2255859375 0.6279296875 0.05859375 0.21875
3 0.80078125 0.3740234375 0.03515625 0.099609375
4 0.1044921875 0.71484375 0.1279296875 0.2890625
4 0.341796875 0.677734375 0.1044921875 0.2744140625
4 0.7275390625 0.193359375 0.0576171875 0.0830078125