0 0.09765625 0.2607421875 0.1845703125 0.1552734375
0 0.326171875 0.3740234375 0.107421875 0.1630859375
0 0.455078125 0.498046875 0.134765625 0.2041015625
0 0.4521484375 0.3583984375 0.12109375 0.1572265625
0 0.583984375 0.419921875 0.09765625 0.1630859375
0 0.4228515625 0.224609375 0.1181640625 0.1318359375
0 0.6357421875 0.15234375 0.0771484375 0.0830078125
0 0.5830078125 0.1357421875 0.0986328125 0.0830078125
0 0.955078125 0.16015625 0.08984375 0.09765625
2 0.3173828125 0.3837890625 0.03125 0.0166015625
2 0.4443359375 0.51171875 0.03125 0.0205078125
2 0.587890625 0.4599609375 0.033203125 0.0166015625
3 0.88671875 0.392578125 0.041015625 0.1591796875
3 0.923828125 0.328125 0.029296875 0.1337890625
4 0.4814453125 0.1884765625 0.048828125 0.103515625