0 0.240234375 0.7919921875 0.2041015625 0.2763671875
0 0.4091796875 0.849609375 0.203125 0.2890625
0 0.6572265625 0.8134765625 0.17578125 0.294921875
0 0.8837890625 0.91015625 0.2177734375 0.1796875
0 0.853515625 0.7177734375 0.1572265625 0.2236328125
0 0.6982421875 0.6328125 0.1318359375 0.220703125
0 0.3388671875 0.6005859375 0.1708984375 0.216796875
0 0.458984375 0.6513671875 0.1240234375 0.177734375
0 0.7685546875 0.25 0.1376953125 0.0966796875
0 0.744140625 0.201171875 0.0791015625 0.076171875
0 0.79296875 0.1630859375 0.091796875 0.0703125
0 0.9375 0.2548828125 0.123046875 0.1240234375
0 0.6875 0.05859375 0.02734375 0.0458984375
1 0.3828125 0.931640625 0.048828125 0.029296875
1 0.6396484375 0.876953125 0.044921875 0.0244140625
1 0.8642578125 0.78125 0.0458984375 0.0224609375
2 0.302734375 0.6279296875 0.0361328125 0.0224609375
3 0.2265625 0.888671875 0.08203125 0.22265625
3 0.57421875 0.6259765625 0.0625 0.20703125
3 0.5908203125 0.54296875 0.0458984375 0.177734375
3 0.8115234375 0.501953125 0.0439453125 0.181640625
3 0.7841796875 0.4541015625 0.0361328125 0.1552734375
3 0.640625 0.240234375 0.0478515625 0.0986328125
3 0.6806640625 0.1787109375 0.04296875 0.0830078125
4 0.6083984375 0.06640625 0.017578125 0.044921875
4 0.6220703125 0.0615234375 0.013671875 0.0478515625
4 0.6298828125 0.05078125 0.015625 0.04296875
5 0.541015625 0.1650390625 0.1669921875 0.14453125