0 0.5498046875 0.4052734375 0.1162109375 0.1513671875
0 0.5419921875 0.8466796875 0.185546875 0.306640625
0 0.7734375 0.5322265625 0.1279296875 0.2021484375
0 0.5830078125 0.22265625 0.1572265625 0.0927734375
0 0.66796875 0.197265625 0.09765625 0.076171875
0 0.75390625 0.212890625 0.1240234375 0.0927734375
0 0.896484375 0.1875 0.0927734375 0.0927734375
0 0.71484375 0.04296875 0.02734375 0.044921875
0 0.7470703125 0.048828125 0.0439453125 0.0390625
1 0.5498046875 0.9794921875 0.0576171875 0.0263671875
2 0.5703125 0.421875 0.0302734375 0.0146484375
3 0.693359375 0.4501953125 0.0458984375 0.1669921875
4 0.7333984375 0.162109375 0.060546875 0.0498046875
4 0.5927734375 0.0693359375 0.01953125 0.0537109375
4 0.6064453125 0.0634765625 0.0185546875 0.0458984375
4 0.623046875 0.0546875 0.0185546875 0.0458984375