0 0.3837890625 0.7451171875 0.1416015625 0.2392578125
0 0.2392578125 0.24609375 0.09765625 0.0810546875
1 0.38671875 0.802734375 0.0419921875 0.0166015625
2 0.2138671875 0.6640625 0.01171875 0.0126953125
3 0.1708984375 0.3662109375 0.03515625 0.1181640625
3 0.314453125 0.330078125 0.060546875 0.10546875
3 0.52734375 0.232421875 0.029296875 0.064453125
3 0.498046875 0.1962890625 0.021484375 0.06640625
4 0.474609375 0.166015625 0.0244140625 0.0537109375
4 0.185546875 0.6025390625 0.0849609375 0.2314453125
5 0.2822265625 0.1357421875 0.158203125 0.10546875