0 0.3876953125 0.78515625 0.1435546875 0.2626953125
0 0.177734375 0.232421875 0.0908203125 0.0869140625
1 0.3916015625 0.8447265625 0.04296875 0.0185546875
2 0.212890625 0.6611328125 0.015625 0.0185546875
3 0.138671875 0.32421875 0.044921875 0.1220703125
3 0.171875 0.3671875 0.02734375 0.1162109375
3 0.4521484375 0.333984375 0.0634765625 0.1015625
3 0.587890625 0.244140625 0.03515625 0.07421875
3 0.5654296875 0.2021484375 0.0283203125 0.0556640625
3 0.5341796875 0.205078125 0.021484375 0.0615234375
3 0.4873046875 0.1630859375 0.0107421875 0.0478515625
4 0.185546875 0.6015625 0.0927734375 0.2373046875
4 0.470703125 0.169921875 0.021484375 0.0595703125
5 0.236328125 0.130859375 0.16796875 0.11328125