0 0.580078125 0.53125 0.130859375 0.185546875
0 0.5595703125 0.2216796875 0.125 0.080078125
0 0.62109375 0.2138671875 0.0986328125 0.0830078125
0 0.76953125 0.2236328125 0.1181640625 0.0966796875
0 0.7626953125 0.169921875 0.1240234375 0.0830078125
0 0.9072265625 0.197265625 0.1318359375 0.0869140625
0 0.6982421875 0.0458984375 0.0380859375 0.044921875
0 0.751953125 0.0439453125 0.046875 0.04296875
2 0.5595703125 0.5537109375 0.03515625 0.0224609375
3 0.6279296875 0.7041015625 0.0634765625 0.2333984375
4 0.595703125 0.0703125 0.01953125 0.0517578125
4 0.6083984375 0.0625 0.01953125 0.0517578125
4 0.6201171875 0.0517578125 0.01953125 0.0517578125