0 0.318359375 0.8486328125 0.1337890625 0.21875
0 0.443359375 0.8134765625 0.1298828125 0.220703125
0 0.505859375 0.9609375 0.1630859375 0.078125
0 0.6318359375 0.626953125 0.1044921875 0.1572265625
0 0.611328125 0.4541015625 0.125 0.0888671875
0 0.6767578125 0.427734375 0.095703125 0.0927734375
0 0.521484375 0.3154296875 0.046875 0.064453125
0 0.49609375 0.3017578125 0.0302734375 0.0478515625
0 0.4599609375 0.2431640625 0.021484375 0.0390625
0 0.5048828125 0.2412109375 0.0166015625 0.033203125
0 0.4990234375 0.2724609375 0.0302734375 0.037109375
2 0.3076171875 0.8984375 0.0419921875 0.0224609375
2 0.0703125 0.939453125 0.013671875 0.0205078125
2 0.43359375 0.896484375 0.0419921875 0.0224609375
2 0.6455078125 0.646484375 0.0263671875 0.0146484375
2 0.7568359375 0.9501953125 0.0146484375 0.0146484375
3 0.0771484375 0.89453125 0.0419921875 0.2001953125
3 0.3681640625 0.638671875 0.0576171875 0.1552734375
3 0.6064453125 0.5126953125 0.0498046875 0.078125
3 0.4404296875 0.2685546875 0.01171875 0.0478515625
3 0.4697265625 0.263671875 0.0068359375 0.03125
3 0.259765625 0.6611328125 0.05859375 0.1484375
4 0.21484375 0.7568359375 0.0947265625 0.18359375
4 0.580078125 0.703125 0.0810546875 0.212890625
4 0.6591796875 0.9013671875 0.12890625 0.1962890625
4 0.3740234375 0.4560546875 0.078125 0.0986328125
4 0.47265625 0.4755859375 0.08984375 0.111328125
6 0.1708984375 0.875 0.146484375 0.25
6 0.7431640625 0.8232421875 0.1474609375 0.3310546875