0 0.2412109375 0.791015625 0.2041015625 0.2744140625
0 0.4111328125 0.8505859375 0.2001953125 0.291015625
0 0.658203125 0.81640625 0.173828125 0.29296875
0 0.8876953125 0.9052734375 0.2236328125 0.173828125
0 0.85546875 0.7177734375 0.1611328125 0.2236328125
0 0.45703125 0.6484375 0.125 0.185546875
0 0.3359375 0.603515625 0.16796875 0.22265625
0 0.697265625 0.6298828125 0.1298828125 0.21484375
0 0.5361328125 0.2861328125 0.1708984375 0.11328125
0 0.6337890625 0.2685546875 0.1005859375 0.099609375
0 0.73828125 0.2021484375 0.10546875 0.0888671875
0 0.8720703125 0.1669921875 0.0947265625 0.06640625
0 0.6845703125 0.0732421875 0.029296875 0.0498046875
1 0.380859375 0.9306640625 0.0458984375 0.0205078125
1 0.640625 0.8740234375 0.0498046875 0.0263671875
1 0.8642578125 0.78125 0.046875 0.0185546875
2 0.3017578125 0.6279296875 0.03515625 0.0146484375
3 0.224609375 0.890625 0.078125 0.21875
3 0.5654296875 0.658203125 0.06640625 0.216796875
3 0.58984375 0.56640625 0.052734375 0.1962890625
3 0.8115234375 0.505859375 0.0498046875 0.177734375
3 0.7880859375 0.4521484375 0.0439453125 0.1484375
3 0.666015625 0.177734375 0.0498046875 0.078125
4 0.6103515625 0.0654296875 0.0205078125 0.0537109375
4 0.6220703125 0.0595703125 0.0166015625 0.0517578125
4 0.6318359375 0.05078125 0.0107421875 0.04296875
5 0.5400390625 0.1533203125 0.1728515625 0.140625