0 0.3212890625 0.8486328125 0.1298828125 0.2109375
0 0.4462890625 0.8193359375 0.130859375 0.2353515625
0 0.5126953125 0.9599609375 0.15625 0.080078125
0 0.6357421875 0.626953125 0.1025390625 0.1533203125
0 0.7255859375 0.421875 0.0888671875 0.0966796875
0 0.65234375 0.455078125 0.123046875 0.0849609375
0 0.52734375 0.322265625 0.05078125 0.0625
0 0.498046875 0.30078125 0.0244140625 0.04296875
0 0.4599609375 0.248046875 0.0224609375 0.037109375
0 0.505859375 0.2431640625 0.021484375 0.03125
0 0.4951171875 0.2080078125 0.01171875 0.0166015625
2 0.306640625 0.8984375 0.0380859375 0.0224609375
2 0.072265625 0.9423828125 0.0146484375 0.0224609375
2 0.43359375 0.8955078125 0.0439453125 0.0244140625
2 0.7568359375 0.9501953125 0.013671875 0.0146484375
2 0.64453125 0.6416015625 0.029296875 0.0166015625
3 0.0791015625 0.890625 0.0400390625 0.1962890625
3 0.26171875 0.662109375 0.0498046875 0.150390625
3 0.3671875 0.63671875 0.052734375 0.1513671875
3 0.607421875 0.50390625 0.0439453125 0.0849609375
3 0.439453125 0.2734375 0.009765625 0.04296875
3 0.4697265625 0.267578125 0.009765625 0.03125
4 0.21484375 0.765625 0.0947265625 0.212890625
4 0.5810546875 0.69921875 0.0791015625 0.1982421875
4 0.66015625 0.904296875 0.1220703125 0.1904296875
4 0.4228515625 0.455078125 0.080078125 0.099609375
4 0.513671875 0.4814453125 0.09375 0.115234375
6 0.1708984375 0.873046875 0.1513671875 0.25390625
6 0.744140625 0.82421875 0.1513671875 0.330078125