0 0.5498046875 0.689453125 0.1416015625 0.2578125
0 0.5107421875 0.884765625 0.169921875 0.2294921875
0 0.25 0.2353515625 0.123046875 0.0927734375
0 0.052734375 0.1962890625 0.0517578125 0.078125
0 0.029296875 0.154296875 0.0517578125 0.0615234375
0 0.1318359375 0.1396484375 0.0380859375 0.0537109375
0 0.103515625 0.1494140625 0.044921875 0.0537109375
0 0.634765625 0.47265625 0.107421875 0.1591796875
0 0.7431640625 0.609375 0.1279296875 0.21484375
0 0.796875 0.8505859375 0.212890625 0.2978515625
2 0.376953125 0.7509765625 0.0166015625 0.02734375
2 0.19921875 0.689453125 0.015625 0.0166015625
2 0.5537109375 0.7294921875 0.0361328125 0.0146484375
2 0.5205078125 0.9755859375 0.0595703125 0.0263671875
2 0.630859375 0.4833984375 0.0361328125 0.0224609375
2 0.759765625 0.6767578125 0.0341796875 0.0205078125
2 0.8193359375 0.91796875 0.052734375 0.03125
3 0.212890625 0.6513671875 0.048828125 0.220703125
3 0.4462890625 0.4345703125 0.048828125 0.1533203125
3 0.767578125 0.34765625 0.041015625 0.142578125
3 0.802734375 0.3798828125 0.0322265625 0.1181640625
4 0.1640625 0.2158203125 0.076171875 0.0869140625
4 0.341796875 0.6796875 0.103515625 0.27734375