0 0.236328125 0.623046875 0.134765625 0.1982421875
0 0.359375 0.6298828125 0.1025390625 0.2705078125
0 0.388671875 0.5 0.095703125 0.1552734375
0 0.5947265625 0.603515625 0.0927734375 0.2041015625
0 0.5654296875 0.919921875 0.1904296875 0.1591796875
0 0.7412109375 0.8369140625 0.22265625 0.2958984375
0 0.533203125 0.4541015625 0.0771484375 0.103515625
0 0.6416015625 0.4404296875 0.0869140625 0.1259765625
0 0.6650390625 0.296875 0.0693359375 0.0869140625
0 0.546875 0.216796875 0.05859375 0.0625
0 0.861328125 0.2421875 0.0791015625 0.0625
2 0.7802734375 0.9169921875 0.044921875 0.0263671875
2 0.3583984375 0.669921875 0.033203125 0.0205078125
2 0.2197265625 0.6396484375 0.0302734375 0.0205078125
2 0.5517578125 0.7255859375 0.0068359375 0.0185546875
3 0.6669921875 0.55078125 0.0419921875 0.18359375
3 0.8330078125 0.7353515625 0.064453125 0.21875
3 0.3857421875 0.1630859375 0.01171875 0.044921875
3 0.904296875 0.240234375 0.021484375 0.068359375
4 0.7373046875 0.6044921875 0.09765625 0.18359375
4 0.7744140625 0.3037109375 0.0419921875 0.0966796875
4 0.3564453125 0.123046875 0.0166015625 0.0390625
4 0.8330078125 0.166015625 0.0244140625 0.04296875
5 0.869140625 0.15234375 0.0498046875 0.080078125
6 0.5107421875 0.673828125 0.13671875 0.3408203125