0 0.583984375 0.49609375 0.1064453125 0.169921875
0 0.76953125 0.6923828125 0.1630859375 0.2744140625
0 0.8251953125 0.2255859375 0.1474609375 0.099609375
0 0.5771484375 0.2177734375 0.1123046875 0.072265625
0 0.66796875 0.18359375 0.12109375 0.0849609375
0 0.75390625 0.2001953125 0.07421875 0.078125
0 0.8349609375 0.1552734375 0.1162109375 0.078125
0 0.6904296875 0.0380859375 0.0263671875 0.04296875
0 0.728515625 0.0458984375 0.0380859375 0.037109375
0 0.7568359375 0.044921875 0.0322265625 0.041015625
2 0.5791015625 0.5146484375 0.0361328125 0.0224609375
3 0.68359375 0.5302734375 0.0439453125 0.1796875
4 0.5947265625 0.0732421875 0.021484375 0.0498046875
4 0.607421875 0.0634765625 0.017578125 0.0458984375
4 0.62109375 0.056640625 0.015625 0.0390625