0 0.5849609375 0.4775390625 0.10546875 0.1669921875
0 0.7646484375 0.6396484375 0.14453125 0.2578125
0 0.6533203125 0.2177734375 0.1240234375 0.0830078125
0 0.73828125 0.1796875 0.1220703125 0.0927734375
0 0.8291015625 0.201171875 0.087890625 0.0869140625
0 0.9375 0.2236328125 0.125 0.099609375
0 0.9052734375 0.142578125 0.091796875 0.06640625
0 0.7177734375 0.0419921875 0.0302734375 0.04296875
0 0.74609375 0.046875 0.0400390625 0.0390625
2 0.583984375 0.494140625 0.033203125 0.0224609375
3 0.689453125 0.5048828125 0.046875 0.171875
4 0.591796875 0.0693359375 0.021484375 0.0498046875
4 0.609375 0.064453125 0.0185546875 0.041015625
4 0.619140625 0.0517578125 0.0185546875 0.041015625