0 0.568359375 0.5546875 0.140625 0.2021484375
0 0.546875 0.2197265625 0.1103515625 0.072265625
0 0.6015625 0.169921875 0.107421875 0.0810546875
0 0.7080078125 0.2255859375 0.12109375 0.099609375
0 0.8251953125 0.1708984375 0.1298828125 0.080078125
0 0.681640625 0.05078125 0.0263671875 0.04296875
0 0.74609375 0.05078125 0.046875 0.0390625
2 0.5419921875 0.580078125 0.0419921875 0.0185546875
4 0.5947265625 0.0693359375 0.021484375 0.04296875
4 0.60546875 0.0634765625 0.021484375 0.04296875
4 0.619140625 0.052734375 0.021484375 0.04296875