0 0.58203125 0.5146484375 0.115234375 0.181640625
0 0.76953125 0.8095703125 0.1787109375 0.3115234375
0 0.68359375 0.2236328125 0.1318359375 0.0966796875
0 0.578125 0.1826171875 0.119140625 0.076171875
0 0.712890625 0.1650390625 0.111328125 0.0810546875
0 0.873046875 0.1708984375 0.12890625 0.0947265625
0 0.919921875 0.22265625 0.13671875 0.0927734375
0 0.69140625 0.041015625 0.03125 0.0478515625
0 0.73828125 0.044921875 0.0400390625 0.03515625
2 0.5693359375 0.5341796875 0.037109375 0.0126953125
3 0.666015625 0.59765625 0.046875 0.2021484375
4 0.59375 0.0712890625 0.0205078125 0.0458984375
4 0.609375 0.0625 0.0146484375 0.0458984375
4 0.62109375 0.05859375 0.0146484375 0.0458984375