0 0.4521484375 0.328125 0.087890625 0.0810546875
0 0.5693359375 0.294921875 0.0673828125 0.0625
0 0.650390625 0.3037109375 0.0693359375 0.06640625
0 0.638671875 0.4951171875 0.07421875 0.1318359375
0 0.74609375 0.5595703125 0.080078125 0.181640625
0 0.93359375 0.453125 0.087890625 0.134765625
2 0.6435546875 0.505859375 0.0205078125 0.0146484375
2 0.7490234375 0.5810546875 0.029296875 0.0185546875
4 0.5439453125 0.1650390625 0.01171875 0.0224609375
5 0.8125 0.1826171875 0.056640625 0.072265625
5 0.9306640625 0.2724609375 0.111328125 0.14453125