0 0.115234375 0.8798828125 0.22265625 0.240234375
0 0.3271484375 0.67578125 0.1337890625 0.2294921875
0 0.3447265625 0.853515625 0.1611328125 0.29296875
0 0.59765625 0.611328125 0.1396484375 0.169921875
0 0.646484375 0.7490234375 0.142578125 0.2578125
0 0.66796875 0.5537109375 0.1142578125 0.173828125
0 0.4755859375 0.380859375 0.08203125 0.1201171875
0 0.6298828125 0.283203125 0.076171875 0.078125
0 0.7470703125 0.3408203125 0.0771484375 0.103515625
1 0.0673828125 0.974609375 0.052734375 0.0205078125
2 0.6787109375 0.771484375 0.0380859375 0.0205078125
2 0.318359375 0.693359375 0.041015625 0.0205078125
3 0.9501953125 0.8818359375 0.09375 0.1884765625
3 0.41015625 0.20703125 0.0244140625 0.0625
4 0.84765625 0.791015625 0.14453125 0.2890625
4 0.537109375 0.42578125 0.0634765625 0.1484375
4 0.5322265625 0.30078125 0.05078125 0.0947265625
4 0.3642578125 0.140625 0.0185546875 0.037109375
4 0.9033203125 0.16796875 0.017578125 0.0458984375
5 0.783203125 0.2353515625 0.1748046875 0.1484375
5 0.8671875 0.1513671875 0.05078125 0.0849609375
6 0.57421875 0.8525390625 0.19921875 0.294921875