0 0.2216796875 0.6669921875 0.142578125 0.21875
0 0.3603515625 0.6748046875 0.107421875 0.2724609375
0 0.3779296875 0.51171875 0.1064453125 0.138671875
0 0.541015625 0.482421875 0.0869140625 0.10546875
0 0.6083984375 0.6337890625 0.09765625 0.2236328125
0 0.580078125 0.94921875 0.1884765625 0.1015625
0 0.7763671875 0.87109375 0.2529296875 0.2578125
0 0.642578125 0.4658203125 0.095703125 0.134765625
0 0.57421875 0.2109375 0.0625 0.0517578125
0 0.626953125 0.30859375 0.0751953125 0.0869140625
0 0.8095703125 0.2431640625 0.064453125 0.0576171875
2 0.19921875 0.6884765625 0.0341796875 0.0146484375
2 0.353515625 0.72265625 0.0400390625 0.0185546875
2 0.56640625 0.763671875 0.017578125 0.0244140625
2 0.8271484375 0.9921875 0.0498046875 0.0146484375
2 0.6142578125 0.654296875 0.03515625 0.0244140625
3 0.6865234375 0.5791015625 0.04296875 0.1943359375
3 0.8779296875 0.7880859375 0.06640625 0.2236328125
3 0.3916015625 0.169921875 0.0126953125 0.0458984375
3 0.349609375 0.166015625 0.0146484375 0.0458984375
3 0.8466796875 0.251953125 0.0263671875 0.0703125
4 0.7646484375 0.6474609375 0.1123046875 0.205078125
4 0.7119140625 0.3212890625 0.048828125 0.1015625
4 0.7041015625 0.2626953125 0.052734375 0.078125
4 0.833984375 0.169921875 0.0244140625 0.0498046875
4 0.3564453125 0.1279296875 0.013671875 0.029296875
5 0.8701171875 0.1552734375 0.0498046875 0.0810546875
5 0.9443359375 0.2138671875 0.107421875 0.1318359375
6 0.513671875 0.71484375 0.140625 0.3662109375