0 0.5673828125 0.5576171875 0.14453125 0.2001953125
0 0.677734375 0.224609375 0.12890625 0.0908203125
0 0.587890625 0.1650390625 0.10546875 0.0810546875
0 0.796875 0.1748046875 0.126953125 0.080078125
0 0.5283203125 0.21484375 0.0986328125 0.06640625
0 0.6787109375 0.0576171875 0.0283203125 0.041015625
0 0.7509765625 0.046875 0.0517578125 0.04296875
2 0.5439453125 0.5830078125 0.0380859375 0.0146484375
4 0.5947265625 0.064453125 0.017578125 0.0478515625
4 0.6103515625 0.0615234375 0.017578125 0.0478515625
4 0.6201171875 0.0556640625 0.017578125 0.0478515625