0 0.2646484375 0.5380859375 0.1142578125 0.17578125
0 0.3720703125 0.5458984375 0.0888671875 0.2255859375
0 0.408203125 0.4736328125 0.0888671875 0.1513671875
0 0.5439453125 0.8681640625 0.185546875 0.251953125
0 0.6806640625 0.7177734375 0.16796875 0.25390625
0 0.548828125 0.40234375 0.0751953125 0.1015625
0 0.5693359375 0.544921875 0.0771484375 0.173828125
0 0.669921875 0.3974609375 0.087890625 0.1201171875
0 0.490234375 0.2333984375 0.048828125 0.0595703125
0 0.744140625 0.2744140625 0.0673828125 0.0703125
0 0.943359375 0.2373046875 0.05859375 0.06640625
0 0.9658203125 0.1728515625 0.060546875 0.04296875
2 0.2470703125 0.5517578125 0.025390625 0.0185546875
2 0.369140625 0.580078125 0.033203125 0.0185546875
2 0.53515625 0.6494140625 0.0146484375 0.02734375
2 0.5634765625 0.9658203125 0.0439453125 0.0205078125
2 0.70703125 0.7734375 0.04296875 0.0205078125
3 0.12890625 0.7890625 0.0517578125 0.248046875
3 0.7529296875 0.6259765625 0.0478515625 0.177734375
3 0.3779296875 0.15234375 0.0126953125 0.0390625
3 0.3427734375 0.158203125 0.0146484375 0.0458984375
4 0.6865234375 0.5263671875 0.083984375 0.134765625
4 0.8583984375 0.275390625 0.05078125 0.0830078125
4 0.84765625 0.2412109375 0.0517578125 0.064453125
4 0.9052734375 0.166015625 0.0205078125 0.04296875
5 0.865234375 0.15234375 0.048828125 0.076171875
6 0.4990234375 0.6083984375 0.11328125 0.2978515625