0 0.3193359375 0.84765625 0.1357421875 0.208984375
0 0.4462890625 0.8173828125 0.138671875 0.2314453125
0 0.5146484375 0.9580078125 0.166015625 0.0830078125
0 0.6611328125 0.705078125 0.1123046875 0.1591796875
0 0.271484375 0.4482421875 0.095703125 0.078125
0 0.4482421875 0.4296875 0.115234375 0.0849609375
0 0.5888671875 0.349609375 0.0654296875 0.0625
0 0.6953125 0.4609375 0.14453125 0.099609375
0 0.4716796875 0.294921875 0.0341796875 0.0517578125
0 0.5205078125 0.302734375 0.0341796875 0.0576171875
0 0.4619140625 0.2685546875 0.029296875 0.041015625
0 0.498046875 0.2412109375 0.0205078125 0.029296875
0 0.4658203125 0.2099609375 0.0126953125 0.02734375
2 0.072265625 0.9423828125 0.0146484375 0.0185546875
2 0.3095703125 0.9013671875 0.0439453125 0.02734375
2 0.43359375 0.8984375 0.0380859375 0.0185546875
2 0.755859375 0.9521484375 0.0146484375 0.0185546875
3 0.0771484375 0.8896484375 0.041015625 0.208984375
3 0.3701171875 0.6337890625 0.060546875 0.1533203125
3 0.2607421875 0.6640625 0.052734375 0.142578125
3 0.416015625 0.4619140625 0.0595703125 0.0986328125
3 0.3427734375 0.45703125 0.0625 0.0966796875
3 0.599609375 0.5322265625 0.033203125 0.1162109375
3 0.6103515625 0.50390625 0.041015625 0.107421875
3 0.51171875 0.3291015625 0.0166015625 0.0537109375
4 0.21875 0.7626953125 0.08984375 0.1962890625
4 0.5791015625 0.7607421875 0.080078125 0.2255859375
4 0.6591796875 0.90625 0.12890625 0.1875
4 0.232421875 0.4892578125 0.064453125 0.107421875
6 0.1708984375 0.8759765625 0.1494140625 0.248046875
6 0.7470703125 0.814453125 0.1494140625 0.322265625