0 0.5810546875 0.46484375 0.1064453125 0.1591796875
0 0.7626953125 0.615234375 0.138671875 0.244140625
0 0.658203125 0.201171875 0.0986328125 0.076171875
0 0.7119140625 0.21875 0.125 0.0927734375
0 0.791015625 0.17578125 0.123046875 0.0849609375
0 0.884765625 0.2001953125 0.09375 0.0810546875
0 0.5283203125 0.2119140625 0.10546875 0.064453125
0 0.716796875 0.0419921875 0.0322265625 0.04296875
0 0.740234375 0.0478515625 0.0419921875 0.044921875
2 0.583984375 0.48046875 0.037109375 0.0205078125
3 0.689453125 0.4892578125 0.0361328125 0.1669921875
4 0.591796875 0.0654296875 0.021484375 0.0458984375
4 0.607421875 0.0634765625 0.017578125 0.0458984375
4 0.62109375 0.05859375 0.017578125 0.0458984375