0 0.3310546875 0.7939453125 0.12109375 0.3203125
0 0.4990234375 0.7685546875 0.1279296875 0.2666015625
0 0.6142578125 0.55078125 0.125 0.1650390625
0 0.4375 0.169921875 0.03125 0.0478515625
0 0.4931640625 0.1826171875 0.0439453125 0.0390625
0 0.8779296875 0.1728515625 0.03125 0.0537109375
1 0.3349609375 0.8486328125 0.041015625 0.0185546875
3 0.3359375 0.5078125 0.044921875 0.13671875
3 0.41015625 0.505859375 0.041015625 0.1552734375
3 0.455078125 0.4951171875 0.0380859375 0.150390625
3 0.50390625 0.4970703125 0.0419921875 0.142578125
4 0.7568359375 0.634765625 0.103515625 0.2255859375
4 0.189453125 0.734375 0.109375 0.2646484375
4 0.482421875 0.8779296875 0.1181640625 0.244140625
4 0.8232421875 0.8876953125 0.1689453125 0.2236328125
4 0.365234375 0.16015625 0.01953125 0.0498046875
6 0.92578125 0.14453125 0.046875 0.099609375
6 0.767578125 0.2509765625 0.16796875 0.1533203125