0 0.244140625 0.5966796875 0.1220703125 0.185546875
0 0.3623046875 0.59765625 0.08984375 0.2421875
0 0.39453125 0.494140625 0.0966796875 0.1552734375
0 0.5869140625 0.5810546875 0.0908203125 0.1923828125
0 0.5341796875 0.435546875 0.0693359375 0.111328125
0 0.6494140625 0.4306640625 0.087890625 0.1240234375
0 0.7177734375 0.8017578125 0.1962890625 0.27734375
0 0.5654296875 0.9013671875 0.2041015625 0.1962890625
0 0.53125 0.2236328125 0.060546875 0.0595703125
0 0.69140625 0.2900390625 0.0751953125 0.0830078125
0 0.8916015625 0.23828125 0.07421875 0.064453125
2 0.228515625 0.607421875 0.0322265625 0.0185546875
2 0.36328125 0.6357421875 0.033203125 0.0244140625
2 0.5517578125 0.7021484375 0.0185546875 0.029296875
2 0.751953125 0.8642578125 0.0400390625 0.0205078125
3 0.8046875 0.7001953125 0.0654296875 0.20703125
3 0.654296875 0.5322265625 0.0322265625 0.1689453125
3 0.3837890625 0.1591796875 0.0126953125 0.041015625
3 0.9482421875 0.240234375 0.033203125 0.068359375
4 0.716796875 0.580078125 0.095703125 0.1689453125
4 0.794921875 0.2939453125 0.0498046875 0.0869140625
4 0.7802734375 0.24609375 0.044921875 0.0625
4 0.8330078125 0.16796875 0.021484375 0.04296875
5 0.869140625 0.1533203125 0.0517578125 0.0703125
6 0.5068359375 0.6435546875 0.12890625 0.3203125