0 0.5693359375 0.4365234375 0.1044921875 0.138671875
0 0.76953125 0.568359375 0.1318359375 0.21484375
0 0.6318359375 0.2109375 0.1142578125 0.078125
0 0.763671875 0.1953125 0.080078125 0.0869140625
0 0.841796875 0.220703125 0.138671875 0.0927734375
0 0.9072265625 0.16796875 0.1337890625 0.0869140625
0 0.724609375 0.0458984375 0.03515625 0.044921875
2 0.58203125 0.4501953125 0.0322265625 0.0146484375
3 0.69140625 0.4697265625 0.0322265625 0.1689453125
4 0.5927734375 0.0654296875 0.01953125 0.0537109375
4 0.6064453125 0.06640625 0.021484375 0.044921875
4 0.6240234375 0.0576171875 0.0146484375 0.044921875