0 0.3212890625 0.8505859375 0.12890625 0.212890625
0 0.443359375 0.8154296875 0.1298828125 0.2275390625
0 0.509765625 0.9609375 0.166015625 0.078125
0 0.6337890625 0.62890625 0.103515625 0.142578125
0 0.26171875 0.4638671875 0.1201171875 0.0869140625
0 0.568359375 0.3369140625 0.07421875 0.0703125
0 0.5126953125 0.3154296875 0.033203125 0.0537109375
0 0.5 0.28515625 0.0205078125 0.044921875
0 0.50390625 0.251953125 0.0166015625 0.033203125
0 0.458984375 0.255859375 0.0185546875 0.041015625
0 0.4609375 0.197265625 0.013671875 0.0244140625
2 0.072265625 0.9423828125 0.0146484375 0.0185546875
2 0.3076171875 0.900390625 0.037109375 0.0263671875
2 0.4326171875 0.896484375 0.0361328125 0.0185546875
2 0.6064453125 0.7578125 0.0087890625 0.0107421875
2 0.6455078125 0.6484375 0.025390625 0.0185546875
2 0.7587890625 0.9501953125 0.0166015625 0.0185546875
3 0.080078125 0.8955078125 0.0419921875 0.2021484375
3 0.26171875 0.662109375 0.0458984375 0.150390625
3 0.365234375 0.6337890625 0.052734375 0.1513671875
3 0.5986328125 0.529296875 0.029296875 0.103515625
3 0.71484375 0.6103515625 0.0283203125 0.11328125
3 0.435546875 0.2861328125 0.0146484375 0.0458984375
3 0.4716796875 0.275390625 0.01171875 0.0390625
4 0.21875 0.759765625 0.095703125 0.1904296875
4 0.5791015625 0.705078125 0.068359375 0.2021484375
4 0.662109375 0.9052734375 0.1240234375 0.1884765625
4 0.5986328125 0.455078125 0.07421875 0.0966796875
4 0.65234375 0.4765625 0.076171875 0.1015625
6 0.1748046875 0.873046875 0.1474609375 0.2421875
6 0.7470703125 0.8251953125 0.1396484375 0.3310546875