0 0.5498046875 0.6865234375 0.1396484375 0.25390625
0 0.509765625 0.875 0.169921875 0.25
0 0.744140625 0.6083984375 0.1298828125 0.220703125
0 0.796875 0.8505859375 0.2041015625 0.2978515625
0 0.6376953125 0.470703125 0.1083984375 0.1669921875
0 0.0498046875 0.1982421875 0.0576171875 0.0810546875
0 0.029296875 0.1591796875 0.0556640625 0.078125
2 0.138671875 0.7958984375 0.017578125 0.0185546875
2 0.2119140625 0.6640625 0.015625 0.0205078125
2 0.375 0.75 0.0185546875 0.0146484375
2 0.5537109375 0.73046875 0.0400390625 0.0205078125
2 0.5126953125 0.9453125 0.0439453125 0.005859375
2 0.6298828125 0.4833984375 0.033203125 0.0185546875
2 0.759765625 0.6806640625 0.0361328125 0.0166015625
2 0.8203125 0.9150390625 0.052734375 0.0263671875
3 0.2275390625 0.6328125 0.0556640625 0.220703125
3 0.7998046875 0.373046875 0.0341796875 0.109375
4 0.0986328125 0.73046875 0.123046875 0.294921875
4 0.341796875 0.6796875 0.1083984375 0.27734375
4 0.7509765625 0.189453125 0.0537109375 0.0830078125