0 0.2431640625 0.7939453125 0.20703125 0.287109375
0 0.3974609375 0.8662109375 0.2041015625 0.2666015625
0 0.6591796875 0.8134765625 0.1748046875 0.287109375
0 0.8837890625 0.91015625 0.2099609375 0.1796875
0 0.853515625 0.712890625 0.16015625 0.21875
0 0.6953125 0.6279296875 0.1259765625 0.21875
0 0.458984375 0.67578125 0.1259765625 0.2294921875
0 0.3359375 0.6044921875 0.16796875 0.2275390625
0 0.7021484375 0.1953125 0.11328125 0.076171875
0 0.6943359375 0.0888671875 0.0302734375 0.0517578125
0 0.9287109375 0.2666015625 0.142578125 0.1337890625
0 0.5791015625 0.201171875 0.095703125 0.068359375
1 0.3681640625 0.9716796875 0.0458984375 0.0205078125
1 0.642578125 0.876953125 0.046875 0.0205078125
1 0.8642578125 0.78125 0.05078125 0.0185546875
2 0.6953125 0.6669921875 0.0322265625 0.0185546875
2 0.30078125 0.630859375 0.033203125 0.0126953125
2 0.5556640625 0.7412109375 0.015625 0.0185546875
3 0.2255859375 0.890625 0.078125 0.21875
3 0.560546875 0.6962890625 0.0576171875 0.2373046875
3 0.5830078125 0.6064453125 0.0634765625 0.208984375
3 0.8095703125 0.5078125 0.0498046875 0.185546875
3 0.7861328125 0.4560546875 0.041015625 0.150390625
3 0.673828125 0.23828125 0.046875 0.0947265625
4 0.609375 0.0634765625 0.0166015625 0.0458984375
4 0.62109375 0.0556640625 0.017578125 0.0478515625
4 0.630859375 0.0517578125 0.0146484375 0.044921875
5 0.541015625 0.1650390625 0.171875 0.14453125