0 0.1025390625 0.908203125 0.2021484375 0.18359375
0 0.3173828125 0.7158203125 0.1416015625 0.2392578125
0 0.3427734375 0.87890625 0.158203125 0.2421875
0 0.6669921875 0.775390625 0.158203125 0.2646484375
0 0.6142578125 0.6298828125 0.154296875 0.169921875
0 0.6689453125 0.55859375 0.1181640625 0.1875
0 0.4462890625 0.3984375 0.087890625 0.1220703125
0 0.6875 0.3642578125 0.0810546875 0.11328125
0 0.5869140625 0.287109375 0.0712890625 0.07421875
2 0.302734375 0.748046875 0.041015625 0.0224609375
2 0.693359375 0.806640625 0.04296875 0.0166015625
3 0.9541015625 0.8984375 0.091796875 0.1953125
3 0.556640625 0.3212890625 0.02734375 0.0830078125
3 0.412109375 0.212890625 0.01953125 0.0625
3 0.3681640625 0.18359375 0.0146484375 0.0517578125
4 0.51171875 0.458984375 0.0693359375 0.1630859375
4 0.85546875 0.8115234375 0.1396484375 0.3076171875
4 0.4951171875 0.314453125 0.056640625 0.103515625
4 0.3681640625 0.1435546875 0.017578125 0.0390625
4 0.8330078125 0.1669921875 0.0224609375 0.041015625
4 0.9033203125 0.1669921875 0.021484375 0.0517578125
5 0.740234375 0.244140625 0.1728515625 0.1552734375
5 0.8662109375 0.1533203125 0.048828125 0.078125
6 0.6025390625 0.8916015625 0.2197265625 0.216796875