0 0.322265625 0.8486328125 0.130859375 0.212890625
0 0.4423828125 0.814453125 0.138671875 0.22265625
0 0.51171875 0.9609375 0.1669921875 0.078125
0 0.6357421875 0.626953125 0.099609375 0.1240234375
0 0.298828125 0.4658203125 0.12890625 0.0908203125
0 0.5830078125 0.341796875 0.0751953125 0.068359375
0 0.5146484375 0.3173828125 0.0400390625 0.0498046875
0 0.501953125 0.291015625 0.025390625 0.041015625
0 0.458984375 0.2578125 0.0205078125 0.041015625
0 0.5068359375 0.251953125 0.0244140625 0.033203125
0 0.4951171875 0.2138671875 0.0126953125 0.0244140625
0 0.4677734375 0.2314453125 0.0166015625 0.029296875
2 0.0712890625 0.9423828125 0.013671875 0.0146484375
2 0.2998046875 0.900390625 0.0205078125 0.0224609375
2 0.4326171875 0.8955078125 0.0361328125 0.0205078125
2 0.607421875 0.7607421875 0.015625 0.0185546875
2 0.7568359375 0.9501953125 0.0166015625 0.0185546875
2 0.6474609375 0.6484375 0.0283203125 0.0107421875
3 0.0771484375 0.896484375 0.0341796875 0.20703125
3 0.3681640625 0.638671875 0.0517578125 0.1484375
3 0.2646484375 0.66015625 0.0498046875 0.146484375
3 0.595703125 0.529296875 0.025390625 0.111328125
3 0.6123046875 0.5068359375 0.04296875 0.109375
3 0.7138671875 0.6025390625 0.044921875 0.1201171875
3 0.4384765625 0.2919921875 0.013671875 0.0458984375
3 0.4716796875 0.275390625 0.015625 0.0498046875
4 0.216796875 0.7646484375 0.099609375 0.1962890625
4 0.5830078125 0.70703125 0.0771484375 0.20703125
4 0.6591796875 0.9052734375 0.1279296875 0.1884765625
4 0.646484375 0.4521484375 0.0751953125 0.099609375
4 0.68359375 0.478515625 0.08203125 0.0986328125
6 0.173828125 0.875 0.15234375 0.25
6 0.744140625 0.82421875 0.1494140625 0.3330078125