0 0.1318359375 0.859375 0.220703125 0.28125
0 0.3359375 0.63671875 0.1279296875 0.2001953125
0 0.3486328125 0.8359375 0.150390625 0.328125
0 0.58984375 0.5927734375 0.134765625 0.1513671875
0 0.6455078125 0.7373046875 0.1455078125 0.2705078125
0 0.6650390625 0.5478515625 0.1142578125 0.181640625
0 0.4951171875 0.365234375 0.076171875 0.1181640625
0 0.65625 0.275390625 0.068359375 0.072265625
0 0.7880859375 0.3232421875 0.0771484375 0.0947265625
0 0.7001953125 0.197265625 0.056640625 0.0576171875
2 0.0947265625 0.9248046875 0.048828125 0.02734375
2 0.341796875 0.94921875 0.048828125 0.0166015625
2 0.669921875 0.7587890625 0.0380859375 0.0244140625
3 0.7412109375 0.6513671875 0.046875 0.2294921875
3 0.408203125 0.1943359375 0.021484375 0.0556640625
3 0.361328125 0.1767578125 0.0166015625 0.0498046875
3 0.6396484375 0.294921875 0.03515625 0.078125
4 0.560546875 0.408203125 0.068359375 0.150390625
4 0.83984375 0.7724609375 0.1455078125 0.2705078125
4 0.5556640625 0.296875 0.0556640625 0.1015625
4 0.3623046875 0.1357421875 0.0146484375 0.0390625
4 0.90625 0.1630859375 0.02734375 0.044921875
5 0.8642578125 0.140625 0.0517578125 0.044921875
5 0.8134765625 0.228515625 0.1787109375 0.146484375
6 0.5634765625 0.8359375 0.1962890625 0.328125