0 0.3330078125 0.7919921875 0.1279296875 0.328125
0 0.498046875 0.7763671875 0.130859375 0.2724609375
0 0.609375 0.54296875 0.1162109375 0.1552734375
0 0.21484375 0.3173828125 0.1123046875 0.1015625
0 0.365234375 0.146484375 0.025390625 0.044921875
0 0.572265625 0.2109375 0.044921875 0.0595703125
0 0.65234375 0.212890625 0.060546875 0.0556640625
0 0.876953125 0.16796875 0.033203125 0.04296875
1 0.333984375 0.8486328125 0.04296875 0.0205078125
2 0.509765625 0.8046875 0.0400390625 0.0205078125
3 0.3349609375 0.5654296875 0.05859375 0.1162109375
3 0.466796875 0.5380859375 0.0380859375 0.1689453125
3 0.505859375 0.4970703125 0.044921875 0.150390625
3 0.5869140625 0.615234375 0.0400390625 0.177734375
3 0.4990234375 0.328125 0.0361328125 0.099609375
4 0.75 0.6396484375 0.1044921875 0.2314453125
4 0.49609375 0.9208984375 0.130859375 0.1572265625
4 0.4375 0.1982421875 0.029296875 0.0625
4 0.404296875 0.1591796875 0.0244140625 0.0478515625
4 0.8505859375 0.294921875 0.0634765625 0.0908203125
4 0.8486328125 0.17578125 0.0205078125 0.0478515625
6 0.5087890625 0.2021484375 0.060546875 0.0888671875
6 0.92578125 0.146484375 0.048828125 0.099609375