0 0.34375 0.359375 0.123046875 0.1591796875
0 0.1650390625 0.2509765625 0.212890625 0.1572265625
0 0.44921875 0.4970703125 0.130859375 0.1943359375
0 0.466796875 0.3525390625 0.1396484375 0.1611328125
0 0.5859375 0.4228515625 0.0927734375 0.17578125
0 0.4814453125 0.865234375 0.193359375 0.26953125
0 0.482421875 0.1357421875 0.1240234375 0.0869140625
0 0.5869140625 0.1220703125 0.125 0.0888671875
2 0.3193359375 0.3642578125 0.02734375 0.0205078125
2 0.4462890625 0.509765625 0.0341796875 0.0166015625
2 0.58984375 0.4619140625 0.03125 0.0166015625
3 0.8740234375 0.359375 0.033203125 0.169921875
4 0.384765625 0.232421875 0.0849609375 0.1240234375