0 0.244140625 0.791015625 0.2060546875 0.28125
0 0.41015625 0.8505859375 0.2001953125 0.287109375
0 0.6572265625 0.81640625 0.1728515625 0.2890625
0 0.8837890625 0.9111328125 0.2197265625 0.177734375
0 0.8544921875 0.7197265625 0.1591796875 0.2275390625
0 0.69921875 0.62890625 0.1298828125 0.2236328125
0 0.4580078125 0.6494140625 0.123046875 0.17578125
0 0.3369140625 0.6005859375 0.16796875 0.212890625
0 0.6875 0.080078125 0.033203125 0.037109375
0 0.6845703125 0.1025390625 0.0380859375 0.03125
0 0.7783203125 0.1640625 0.08203125 0.068359375
1 0.3837890625 0.931640625 0.0458984375 0.0224609375
1 0.6416015625 0.8759765625 0.048828125 0.0263671875
2 0.86328125 0.7802734375 0.0478515625 0.0166015625
2 0.302734375 0.6328125 0.0361328125 0.0166015625
3 0.2236328125 0.890625 0.0830078125 0.21875
3 0.6884765625 0.4609375 0.0625 0.1298828125
3 0.736328125 0.4267578125 0.072265625 0.142578125
3 0.783203125 0.453125 0.02734375 0.150390625
3 0.810546875 0.5048828125 0.048828125 0.1796875
3 0.81640625 0.3134765625 0.0810546875 0.1162109375
4 0.611328125 0.0625 0.021484375 0.0498046875
4 0.623046875 0.056640625 0.0146484375 0.04296875
4 0.6298828125 0.052734375 0.0146484375 0.0498046875
5 0.5380859375 0.24609375 0.390625 0.251953125