0 0.5693359375 0.5556640625 0.1474609375 0.1923828125
0 0.7421875 0.2275390625 0.13671875 0.0888671875
0 0.5771484375 0.2109375 0.11328125 0.078125
0 0.50390625 0.181640625 0.0947265625 0.0703125
0 0.6318359375 0.1689453125 0.0986328125 0.0927734375
0 0.7314453125 0.1875 0.11328125 0.064453125
0 0.8544921875 0.171875 0.12890625 0.0810546875
0 0.68359375 0.0498046875 0.0283203125 0.0478515625
0 0.7412109375 0.044921875 0.046875 0.0390625
2 0.54296875 0.5849609375 0.0341796875 0.0185546875
4 0.591796875 0.0693359375 0.0244140625 0.0458984375
4 0.607421875 0.0634765625 0.0205078125 0.0458984375
4 0.6201171875 0.0556640625 0.0185546875 0.044921875