0 0.4501953125 0.4921875 0.1220703125 0.21875
0 0.3359375 0.3662109375 0.115234375 0.1552734375
0 0.294921875 0.2470703125 0.189453125 0.1240234375
0 0.4638671875 0.357421875 0.1357421875 0.1630859375
0 0.583984375 0.4169921875 0.0947265625 0.1591796875
0 0.6357421875 0.13671875 0.07421875 0.0703125
0 0.42578125 0.1162109375 0.1240234375 0.0908203125
0 0.5048828125 0.0966796875 0.095703125 0.0703125
0 0.94921875 0.1748046875 0.1005859375 0.10546875
2 0.3193359375 0.3720703125 0.03125 0.0185546875
2 0.447265625 0.51171875 0.03515625 0.0205078125
2 0.5888671875 0.4609375 0.0283203125 0.0146484375
3 0.8798828125 0.380859375 0.037109375 0.1533203125
4 0.4345703125 0.224609375 0.072265625 0.134765625