0 0.318359375 0.8505859375 0.13671875 0.208984375
0 0.4462890625 0.8154296875 0.125 0.2236328125
0 0.5107421875 0.9609375 0.1591796875 0.078125
0 0.654296875 0.69140625 0.1103515625 0.1689453125
0 0.24609375 0.443359375 0.0986328125 0.0908203125
0 0.5087890625 0.458984375 0.1455078125 0.0888671875
0 0.6494140625 0.447265625 0.130859375 0.0947265625
0 0.6982421875 0.3759765625 0.076171875 0.06640625
0 0.5380859375 0.330078125 0.044921875 0.0625
0 0.513671875 0.2900390625 0.02734375 0.0458984375
0 0.4638671875 0.2822265625 0.029296875 0.0390625
0 0.4970703125 0.2373046875 0.015625 0.033203125
2 0.3095703125 0.9013671875 0.041015625 0.0263671875
2 0.43359375 0.9013671875 0.041015625 0.0205078125
2 0.7568359375 0.953125 0.0185546875 0.0244140625
3 0.080078125 0.8857421875 0.0361328125 0.1875
3 0.263671875 0.6611328125 0.0517578125 0.140625
3 0.3681640625 0.638671875 0.05078125 0.1552734375
3 0.44921875 0.482421875 0.0673828125 0.0947265625
3 0.490234375 0.3134765625 0.017578125 0.0498046875
3 0.5146484375 0.33984375 0.0166015625 0.0576171875
4 0.216796875 0.7607421875 0.095703125 0.1923828125
4 0.580078125 0.736328125 0.0830078125 0.205078125
4 0.662109375 0.9052734375 0.1162109375 0.1884765625
6 0.1728515625 0.875 0.1455078125 0.2392578125
6 0.7451171875 0.8125 0.1376953125 0.3076171875