0 0.283203125 0.7216796875 0.130859375 0.25390625
0 0.64453125 0.6708984375 0.1396484375 0.18359375
0 0.65234375 0.8779296875 0.1923828125 0.244140625
0 0.830078125 0.82421875 0.1552734375 0.244140625
0 0.1669921875 0.181640625 0.07421875 0.0625
0 0.2353515625 0.1689453125 0.064453125 0.0556640625
0 0.330078125 0.1513671875 0.0341796875 0.0576171875
0 0.37109375 0.169921875 0.0517578125 0.0478515625
0 0.40625 0.1943359375 0.0419921875 0.0625
0 0.4853515625 0.1875 0.0341796875 0.0537109375
0 0.517578125 0.1640625 0.0322265625 0.0458984375
0 0.4765625 0.146484375 0.021484375 0.029296875
0 0.6474609375 0.2255859375 0.0849609375 0.0556640625
0 0.6591796875 0.26171875 0.0673828125 0.064453125
0 0.6357421875 0.3515625 0.1005859375 0.0966796875
1 0.6806640625 0.9580078125 0.046875 0.0244140625
1 0.6552734375 0.7294921875 0.0400390625 0.0224609375
2 0.279296875 0.75 0.041015625 0.0146484375
2 0.4638671875 0.8876953125 0.0244140625 0.02734375
2 0.109375 0.8525390625 0.0224609375 0.0205078125
3 0.109375 0.7998046875 0.06640625 0.244140625
3 0.2021484375 0.6474609375 0.0576171875 0.1982421875
3 0.37109375 0.5556640625 0.076171875 0.1669921875
3 0.5517578125 0.6875 0.0361328125 0.2021484375
3 0.7353515625 0.6328125 0.0576171875 0.1796875
3 0.96875 0.9189453125 0.05859375 0.162109375
4 0.451171875 0.1875 0.0224609375 0.0595703125
4 0.4736328125 0.208984375 0.0380859375 0.06640625
6 0.435546875 0.1630859375 0.0283203125 0.0703125
6 0.4677734375 0.7509765625 0.1376953125 0.3720703125