0 0.3330078125 0.3642578125 0.11328125 0.1611328125
0 0.455078125 0.3486328125 0.1201171875 0.146484375
0 0.4384765625 0.4921875 0.1064453125 0.1884765625
0 0.5830078125 0.41796875 0.0908203125 0.1689453125
0 0.3232421875 0.24609375 0.1767578125 0.1337890625
0 0.6083984375 0.138671875 0.107421875 0.078125
0 0.3876953125 0.1142578125 0.119140625 0.0869140625
0 0.4794921875 0.09765625 0.09765625 0.076171875
0 0.9228515625 0.1787109375 0.1181640625 0.109375
2 0.3193359375 0.373046875 0.033203125 0.0166015625
3 0.44921875 0.513671875 0.03515625 0.0244140625
3 0.8818359375 0.3857421875 0.044921875 0.1689453125
3 0.5458984375 0.34765625 0.0380859375 0.150390625
4 0.4453125 0.22265625 0.0634765625 0.1220703125