0 0.142578125 0.8369140625 0.21484375 0.2744140625
0 0.33984375 0.6298828125 0.1181640625 0.2041015625
0 0.345703125 0.8291015625 0.140625 0.341796875
0 0.5830078125 0.5859375 0.1318359375 0.146484375
0 0.64453125 0.7265625 0.1396484375 0.25390625
0 0.6650390625 0.5341796875 0.11328125 0.1650390625
0 0.5048828125 0.3603515625 0.078125 0.1162109375
0 0.6689453125 0.26953125 0.0712890625 0.068359375
0 0.80859375 0.314453125 0.080078125 0.0849609375
0 0.6904296875 0.1923828125 0.060546875 0.0517578125
2 0.103515625 0.900390625 0.0498046875 0.0224609375
2 0.3447265625 0.927734375 0.0478515625 0.0263671875
2 0.6181640625 0.962890625 0.0263671875 0.033203125
2 0.6630859375 0.75 0.044921875 0.0185546875
3 0.740234375 0.6484375 0.041015625 0.2109375
3 0.4052734375 0.19140625 0.015625 0.0537109375
3 0.66015625 0.2880859375 0.02734375 0.080078125
4 0.8388671875 0.76171875 0.130859375 0.2578125
4 0.572265625 0.392578125 0.06640625 0.1259765625
4 0.5712890625 0.2939453125 0.0517578125 0.0986328125
4 0.361328125 0.1376953125 0.015625 0.0390625
5 0.826171875 0.2236328125 0.1904296875 0.140625
6 0.5517578125 0.826171875 0.181640625 0.34765625