0 0.3212890625 0.8544921875 0.138671875 0.216796875
0 0.4443359375 0.822265625 0.134765625 0.2373046875
0 0.513671875 0.9599609375 0.1728515625 0.080078125
0 0.6337890625 0.6298828125 0.10546875 0.1552734375
0 0.5029296875 0.2822265625 0.0283203125 0.0537109375
0 0.484375 0.26953125 0.0185546875 0.0390625
0 0.4580078125 0.23046875 0.0185546875 0.02734375
0 0.505859375 0.2265625 0.015625 0.03515625
0 0.7578125 0.416015625 0.1005859375 0.0908203125
0 0.7900390625 0.45703125 0.0849609375 0.0927734375
2 0.0712890625 0.943359375 0.0166015625 0.0244140625
2 0.30859375 0.8994140625 0.04296875 0.0244140625
2 0.4306640625 0.892578125 0.03515625 0.0107421875
2 0.6455078125 0.646484375 0.029296875 0.0146484375
2 0.7568359375 0.9521484375 0.01953125 0.0224609375
3 0.080078125 0.89453125 0.0380859375 0.2109375
3 0.259765625 0.6611328125 0.0537109375 0.140625
3 0.3662109375 0.63671875 0.0556640625 0.1513671875
3 0.6103515625 0.505859375 0.052734375 0.103515625
3 0.44921875 0.2529296875 0.009765625 0.02734375
3 0.466796875 0.251953125 0.009765625 0.029296875
4 0.2177734375 0.763671875 0.09375 0.1982421875
4 0.5810546875 0.6953125 0.0732421875 0.2021484375
4 0.66015625 0.9052734375 0.123046875 0.1884765625
5 0.5615234375 0.4189453125 0.2919921875 0.21875
6 0.169921875 0.869140625 0.14453125 0.2607421875
6 0.744140625 0.8193359375 0.150390625 0.3310546875