0 0.322265625 0.8505859375 0.13671875 0.216796875
0 0.4443359375 0.81640625 0.130859375 0.2333984375
0 0.5126953125 0.9609375 0.1611328125 0.078125
0 0.4111328125 0.43359375 0.11328125 0.0888671875
0 0.2353515625 0.44921875 0.0791015625 0.0908203125
0 0.6533203125 0.4619140625 0.1337890625 0.0869140625
0 0.7861328125 0.447265625 0.0888671875 0.076171875
0 0.4677734375 0.291015625 0.0263671875 0.044921875
0 0.5166015625 0.3037109375 0.0302734375 0.0478515625
0 0.5751953125 0.345703125 0.05859375 0.064453125
0 0.4619140625 0.2646484375 0.0244140625 0.044921875
0 0.4970703125 0.240234375 0.0146484375 0.03125
0 0.66015625 0.705078125 0.103515625 0.169921875
2 0.072265625 0.9423828125 0.015625 0.0263671875
2 0.30859375 0.900390625 0.0380859375 0.0224609375
2 0.7587890625 0.951171875 0.017578125 0.0166015625
3 0.0810546875 0.8955078125 0.0361328125 0.208984375
3 0.365234375 0.6376953125 0.052734375 0.1611328125
3 0.26171875 0.6630859375 0.048828125 0.14453125
3 0.60546875 0.4814453125 0.0634765625 0.103515625
3 0.30078125 0.45703125 0.0654296875 0.0927734375
3 0.369140625 0.46484375 0.0625 0.0966796875
3 0.59765625 0.544921875 0.0380859375 0.0986328125
3 0.5068359375 0.32421875 0.017578125 0.0556640625
4 0.2197265625 0.76171875 0.0986328125 0.1982421875
4 0.5810546875 0.755859375 0.0791015625 0.2255859375
4 0.66015625 0.9052734375 0.126953125 0.1884765625
4 0.2216796875 0.48828125 0.044921875 0.1162109375
6 0.1728515625 0.873046875 0.154296875 0.25390625
6 0.7470703125 0.8271484375 0.15234375 0.328125