0 0.37890625 0.7109375 0.134765625 0.2294921875
0 0.42578125 0.2783203125 0.1142578125 0.0908203125
1 0.3818359375 0.7666015625 0.0380859375 0.0185546875
2 0.21484375 0.66796875 0.0126953125 0.0166015625
3 0.1728515625 0.3662109375 0.0322265625 0.1162109375
3 0.4375 0.2080078125 0.0166015625 0.064453125
3 0.4677734375 0.177734375 0.0126953125 0.0478515625
3 0.4912109375 0.1796875 0.009765625 0.044921875
3 0.4814453125 0.173828125 0.0107421875 0.044921875
4 0.1865234375 0.6064453125 0.0849609375 0.2236328125
4 0.4931640625 0.150390625 0.0205078125 0.044921875
5 0.36328125 0.1357421875 0.12109375 0.0986328125
5 0.6162109375 0.2041015625 0.146484375 0.1484375