0 0.3828125 0.7578125 0.142578125 0.248046875
0 0.2138671875 0.240234375 0.0966796875 0.0869140625
1 0.3876953125 0.8125 0.0400390625 0.0185546875
2 0.2138671875 0.662109375 0.013671875 0.0166015625
3 0.171875 0.3662109375 0.033203125 0.1240234375
3 0.3603515625 0.330078125 0.0625 0.1015625
3 0.5478515625 0.232421875 0.03125 0.072265625
3 0.5078125 0.1953125 0.0263671875 0.064453125
3 0.185546875 0.6005859375 0.08984375 0.220703125
3 0.4736328125 0.16796875 0.021484375 0.0537109375
5 0.267578125 0.1357421875 0.1611328125 0.109375