0 0.548828125 0.6845703125 0.138671875 0.25390625
0 0.5107421875 0.8779296875 0.1572265625 0.244140625
0 0.7978515625 0.8515625 0.2060546875 0.2958984375
0 0.7431640625 0.6103515625 0.12890625 0.216796875
0 0.634765625 0.4775390625 0.1064453125 0.177734375
0 0.0517578125 0.2041015625 0.0595703125 0.0810546875
0 0.0302734375 0.166015625 0.052734375 0.0830078125
2 0.1435546875 0.75390625 0.01953125 0.0224609375
2 0.212890625 0.6640625 0.01171875 0.0166015625
2 0.515625 0.962890625 0.056640625 0.0263671875
2 0.5537109375 0.7314453125 0.0419921875 0.0185546875
2 0.6298828125 0.484375 0.03125 0.0166015625
2 0.759765625 0.6796875 0.0361328125 0.0146484375
2 0.8212890625 0.919921875 0.0537109375 0.0244140625
3 0.2275390625 0.630859375 0.060546875 0.220703125
3 0.8037109375 0.375 0.0341796875 0.109375
4 0.1083984375 0.689453125 0.1181640625 0.2763671875
4 0.3427734375 0.6767578125 0.1083984375 0.283203125
4 0.619140625 0.20703125 0.064453125 0.0810546875