0 0.3359375 0.7861328125 0.1240234375 0.3095703125
0 0.501953125 0.7958984375 0.1357421875 0.28125
0 0.611328125 0.5498046875 0.12109375 0.1591796875
0 0.412109375 0.3251953125 0.11328125 0.10546875
0 0.3662109375 0.150390625 0.02734375 0.0517578125
0 0.6552734375 0.2265625 0.0654296875 0.064453125
0 0.6064453125 0.19921875 0.0361328125 0.0537109375
0 0.876953125 0.169921875 0.0283203125 0.0478515625
1 0.3330078125 0.8486328125 0.0419921875 0.0224609375
2 0.5107421875 0.828125 0.0419921875 0.0224609375
3 0.2763671875 0.65234375 0.0537109375 0.1943359375
3 0.3251953125 0.5380859375 0.044921875 0.1611328125
3 0.4951171875 0.57421875 0.048828125 0.1669921875
3 0.59375 0.65625 0.0498046875 0.1875
4 0.7509765625 0.6474609375 0.103515625 0.2392578125
4 0.4951171875 0.9677734375 0.140625 0.064453125
4 0.400390625 0.1513671875 0.01953125 0.041015625
4 0.4794921875 0.203125 0.037109375 0.0615234375
4 0.4326171875 0.169921875 0.02734375 0.04296875
4 0.978515625 0.3193359375 0.04296875 0.1015625
6 0.5537109375 0.21875 0.0673828125 0.0927734375
6 0.9287109375 0.1494140625 0.044921875 0.0947265625