0 0.244140625 0.7919921875 0.2060546875 0.283203125
0 0.3955078125 0.8671875 0.208984375 0.2646484375
0 0.654296875 0.8125 0.1669921875 0.28515625
0 0.8876953125 0.91015625 0.2197265625 0.1796875
0 0.85546875 0.7197265625 0.158203125 0.2314453125
0 0.4580078125 0.6728515625 0.1279296875 0.2236328125
0 0.337890625 0.6064453125 0.171875 0.220703125
0 0.6982421875 0.630859375 0.1298828125 0.216796875
0 0.69921875 0.1953125 0.1162109375 0.080078125
0 0.6943359375 0.0908203125 0.0341796875 0.0517578125
0 0.9521484375 0.2666015625 0.0908203125 0.115234375
1 0.365234375 0.98046875 0.05078125 0.0205078125
1 0.6416015625 0.875 0.046875 0.0205078125
1 0.8642578125 0.78125 0.0498046875 0.0224609375
2 0.3017578125 0.6279296875 0.03515625 0.0146484375
2 0.453125 0.740234375 0.0400390625 0.0205078125
2 0.6943359375 0.6689453125 0.0361328125 0.0185546875
3 0.2265625 0.88671875 0.080078125 0.2255859375
3 0.55859375 0.6943359375 0.05078125 0.2373046875
3 0.5830078125 0.607421875 0.060546875 0.2001953125
3 0.8095703125 0.505859375 0.0517578125 0.181640625
3 0.7841796875 0.455078125 0.0302734375 0.1513671875
3 0.68359375 0.228515625 0.0458984375 0.0830078125
4 0.609375 0.0615234375 0.0185546875 0.044921875
4 0.62109375 0.056640625 0.015625 0.0458984375
4 0.630859375 0.0556640625 0.01171875 0.033203125
5 0.5361328125 0.1630859375 0.181640625 0.140625