0 0.546875 0.6875 0.1396484375 0.25390625
0 0.5107421875 0.87890625 0.166015625 0.2353515625
0 0.744140625 0.609375 0.12890625 0.21875
0 0.7939453125 0.853515625 0.2080078125 0.29296875
0 0.6337890625 0.47265625 0.1064453125 0.169921875
0 0.0498046875 0.2001953125 0.0576171875 0.078125
0 0.033203125 0.1630859375 0.0625 0.0810546875
0 0.1015625 0.1513671875 0.048828125 0.0556640625
0 0.1337890625 0.1396484375 0.048828125 0.0537109375
2 0.142578125 0.7509765625 0.01953125 0.0205078125
2 0.212890625 0.6650390625 0.015625 0.0224609375
2 0.3759765625 0.7490234375 0.0185546875 0.0126953125
2 0.5166015625 0.9599609375 0.0556640625 0.0244140625
2 0.5537109375 0.73046875 0.037109375 0.0166015625
2 0.6279296875 0.4873046875 0.0341796875 0.0185546875
2 0.759765625 0.67578125 0.03515625 0.0224609375
2 0.8212890625 0.9208984375 0.052734375 0.02734375
3 0.224609375 0.6279296875 0.0576171875 0.21875
3 0.798828125 0.3740234375 0.0302734375 0.103515625
4 0.107421875 0.685546875 0.1103515625 0.2705078125
4 0.33984375 0.6826171875 0.109375 0.283203125
4 0.4833984375 0.21484375 0.0693359375 0.0966796875