0 0.58203125 0.5048828125 0.111328125 0.171875
0 0.7646484375 0.7412109375 0.158203125 0.291015625
0 0.6259765625 0.185546875 0.123046875 0.0888671875
0 0.75 0.2255859375 0.1416015625 0.099609375
0 0.7705078125 0.1572265625 0.1103515625 0.0888671875
0 0.93359375 0.1640625 0.1318359375 0.0869140625
0 0.6904296875 0.04296875 0.0283203125 0.041015625
0 0.7314453125 0.0458984375 0.046875 0.041015625
2 0.57421875 0.5244140625 0.033203125 0.0146484375
3 0.67578125 0.5625 0.0439453125 0.1962890625
4 0.5927734375 0.06640625 0.021484375 0.0478515625
4 0.609375 0.0634765625 0.0146484375 0.04296875
4 0.62109375 0.05859375 0.0185546875 0.0458984375