0 0.3349609375 0.3681640625 0.111328125 0.1513671875
0 0.466796875 0.35546875 0.13671875 0.1630859375
0 0.4501953125 0.4921875 0.1201171875 0.2001953125
0 0.5849609375 0.4140625 0.091796875 0.1611328125
0 0.3408203125 0.2373046875 0.162109375 0.1337890625
0 0.3427734375 0.1083984375 0.1123046875 0.080078125
0 0.451171875 0.08984375 0.0986328125 0.068359375
0 0.5625 0.1337890625 0.1025390625 0.0830078125
2 0.3173828125 0.376953125 0.03125 0.0205078125
2 0.44921875 0.513671875 0.037109375 0.0244140625
3 0.5458984375 0.357421875 0.0341796875 0.14453125
3 0.8837890625 0.388671875 0.037109375 0.1630859375
4 0.4521484375 0.220703125 0.0693359375 0.1259765625