0 0.3310546875 0.37109375 0.1162109375 0.1572265625
0 0.4599609375 0.35546875 0.1259765625 0.1552734375
0 0.44921875 0.49609375 0.12109375 0.1962890625
0 0.58203125 0.4189453125 0.0888671875 0.1591796875
0 0.4150390625 0.0986328125 0.0908203125 0.0849609375
0 0.5166015625 0.12890625 0.103515625 0.0830078125
2 0.3173828125 0.376953125 0.0283203125 0.0166015625
2 0.4462890625 0.51171875 0.0341796875 0.0205078125
2 0.5908203125 0.4619140625 0.029296875 0.0244140625
0 0.3603515625 0.236328125 0.1572265625 0.1240234375
3 0.54296875 0.3525390625 0.041015625 0.1650390625
3 0.8818359375 0.3896484375 0.04296875 0.1650390625
3 0.919921875 0.322265625 0.037109375 0.1513671875
4 0.46484375 0.2099609375 0.0595703125 0.109375
4 0.947265625 0.16015625 0.09375 0.0986328125