0 0.318359375 0.849609375 0.1337890625 0.21484375
0 0.443359375 0.8125 0.12890625 0.2333984375
0 0.51171875 0.962890625 0.158203125 0.07421875
0 0.63671875 0.6328125 0.109375 0.150390625
0 0.3388671875 0.4609375 0.130859375 0.0927734375
0 0.6005859375 0.3466796875 0.0849609375 0.06640625
0 0.5205078125 0.322265625 0.0419921875 0.0478515625
0 0.458984375 0.2578125 0.0185546875 0.044921875
0 0.5068359375 0.255859375 0.021484375 0.041015625
0 0.50390625 0.2939453125 0.0283203125 0.0390625
0 0.4619140625 0.201171875 0.0146484375 0.02734375
0 0.466796875 0.23828125 0.0205078125 0.02734375
2 0.3095703125 0.8984375 0.0439453125 0.0263671875
2 0.0712890625 0.943359375 0.0146484375 0.0205078125
2 0.4326171875 0.8974609375 0.037109375 0.0205078125
2 0.6064453125 0.7578125 0.01171875 0.0185546875
2 0.6484375 0.650390625 0.0244140625 0.0146484375
2 0.7568359375 0.953125 0.0166015625 0.0244140625
3 0.076171875 0.8876953125 0.041015625 0.205078125
3 0.259765625 0.66015625 0.0556640625 0.138671875
3 0.3662109375 0.63671875 0.0537109375 0.1630859375
3 0.6015625 0.5263671875 0.0302734375 0.103515625
3 0.7177734375 0.5986328125 0.033203125 0.1279296875
3 0.4384765625 0.291015625 0.0107421875 0.0478515625
3 0.4736328125 0.28125 0.0126953125 0.037109375
4 0.21484375 0.7568359375 0.0908203125 0.1875
4 0.5810546875 0.701171875 0.076171875 0.205078125
4 0.658203125 0.9091796875 0.123046875 0.181640625
4 0.6845703125 0.4541015625 0.0771484375 0.0849609375
4 0.71875 0.4755859375 0.0791015625 0.099609375
6 0.1767578125 0.875 0.1513671875 0.25
6 0.7421875 0.8251953125 0.1533203125 0.3349609375