0 0.58203125 0.4736328125 0.1025390625 0.1689453125
0 0.7626953125 0.625 0.14453125 0.2353515625
0 0.6279296875 0.201171875 0.0791015625 0.076171875
0 0.68359375 0.2216796875 0.126953125 0.0869140625
0 0.7666015625 0.1767578125 0.119140625 0.0947265625
0 0.853515625 0.203125 0.0849609375 0.0908203125
0 0.9404296875 0.2177734375 0.1083984375 0.0947265625
0 0.7158203125 0.0439453125 0.025390625 0.03515625
0 0.7470703125 0.046875 0.048828125 0.0458984375
2 0.5849609375 0.4921875 0.0361328125 0.0185546875
3 0.6904296875 0.498046875 0.037109375 0.173828125
4 0.5927734375 0.0693359375 0.0244140625 0.0498046875
4 0.60546875 0.0654296875 0.0244140625 0.0498046875
4 0.6201171875 0.060546875 0.021484375 0.04296875