0 0.2861328125 0.7197265625 0.140625 0.24609375
0 0.6513671875 0.8798828125 0.189453125 0.240234375
0 0.8291015625 0.8369140625 0.1572265625 0.27734375
0 0.646484375 0.6796875 0.142578125 0.2041015625
0 0.28125 0.3232421875 0.154296875 0.1162109375
0 0.16796875 0.1826171875 0.076171875 0.0615234375
0 0.482421875 0.220703125 0.0712890625 0.06640625
0 0.5986328125 0.2265625 0.0830078125 0.0615234375
0 0.3623046875 0.1728515625 0.0576171875 0.0537109375
0 0.3291015625 0.1513671875 0.0341796875 0.0537109375
1 0.68359375 0.95703125 0.0478515625 0.0224609375
2 0.65625 0.732421875 0.0400390625 0.0205078125
2 0.4638671875 0.8896484375 0.021484375 0.02734375
2 0.2822265625 0.7509765625 0.04296875 0.0205078125
3 0.1689453125 0.6025390625 0.0625 0.1904296875
3 0.55078125 0.6865234375 0.03125 0.2021484375
3 0.7353515625 0.64453125 0.0595703125 0.1962890625
3 0.5791015625 0.44140625 0.033203125 0.1318359375
3 0.5498046875 0.2236328125 0.02734375 0.0615234375
3 0.6513671875 0.2392578125 0.0361328125 0.0595703125
4 0.4697265625 0.16796875 0.0224609375 0.0537109375
6 0.4345703125 0.1845703125 0.0419921875 0.0908203125
6 0.4677734375 0.75 0.1435546875 0.3779296875