0 0.2451171875 0.79296875 0.20703125 0.28515625
0 0.4111328125 0.853515625 0.197265625 0.29296875
0 0.66015625 0.8154296875 0.173828125 0.2978515625
0 0.8837890625 0.9130859375 0.2177734375 0.173828125
0 0.853515625 0.716796875 0.1611328125 0.22265625
0 0.7001953125 0.6279296875 0.126953125 0.21484375
0 0.458984375 0.6484375 0.1279296875 0.177734375
0 0.3369140625 0.5986328125 0.1650390625 0.208984375
0 0.75 0.2626953125 0.1708984375 0.115234375
0 0.724609375 0.15625 0.076171875 0.076171875
0 0.7412109375 0.203125 0.0537109375 0.068359375
0 0.69140625 0.044921875 0.021484375 0.037109375
0 0.578125 0.1962890625 0.1025390625 0.06640625
0 0.482421875 0.2568359375 0.126953125 0.080078125
1 0.3837890625 0.9306640625 0.046875 0.02734375
1 0.640625 0.8740234375 0.0498046875 0.0263671875
1 0.8662109375 0.7822265625 0.048828125 0.0244140625
2 0.3017578125 0.62890625 0.0322265625 0.0126953125
3 0.228515625 0.8876953125 0.0791015625 0.2236328125
3 0.56640625 0.5849609375 0.056640625 0.2041015625
3 0.62109375 0.5283203125 0.060546875 0.1982421875
3 0.8095703125 0.5068359375 0.0498046875 0.1689453125
3 0.78515625 0.4580078125 0.0341796875 0.1533203125
3 0.6025390625 0.240234375 0.060546875 0.076171875
3 0.69140625 0.1767578125 0.041015625 0.080078125
4 0.6103515625 0.0625 0.0205078125 0.0498046875
4 0.6220703125 0.0595703125 0.015625 0.0478515625
4 0.62890625 0.0517578125 0.0166015625 0.0478515625
5 0.5419921875 0.1611328125 0.1708984375 0.14453125