0 0.244140625 0.79296875 0.205078125 0.28515625
0 0.41015625 0.8525390625 0.1962890625 0.294921875
0 0.6572265625 0.814453125 0.1748046875 0.29296875
0 0.8837890625 0.912109375 0.212890625 0.17578125
0 0.853515625 0.7216796875 0.16015625 0.2421875
0 0.7001953125 0.6328125 0.134765625 0.220703125
0 0.45703125 0.6494140625 0.123046875 0.17578125
0 0.337890625 0.60546875 0.1708984375 0.21484375
0 0.4697265625 0.283203125 0.166015625 0.1181640625
0 0.5771484375 0.205078125 0.103515625 0.076171875
0 0.7255859375 0.220703125 0.080078125 0.0966796875
0 0.69140625 0.1318359375 0.0458984375 0.06640625
0 0.794921875 0.1611328125 0.0908203125 0.078125
1 0.3837890625 0.931640625 0.0458984375 0.0185546875
1 0.6416015625 0.875 0.046875 0.0205078125
2 0.865234375 0.7822265625 0.048828125 0.0244140625
2 0.302734375 0.6298828125 0.037109375 0.0185546875
2 0.6943359375 0.6669921875 0.03515625 0.0185546875
3 0.2236328125 0.8876953125 0.087890625 0.2236328125
3 0.580078125 0.521484375 0.0537109375 0.17578125
3 0.666015625 0.4892578125 0.06640625 0.1669921875
3 0.814453125 0.5087890625 0.0556640625 0.1884765625
3 0.787109375 0.4580078125 0.0361328125 0.1572265625
3 0.685546875 0.1767578125 0.0302734375 0.068359375
4 0.609375 0.0625 0.0185546875 0.0517578125
4 0.6220703125 0.05859375 0.013671875 0.0498046875
4 0.62890625 0.0576171875 0.0166015625 0.0517578125
5 0.541015625 0.1513671875 0.171875 0.1279296875
5 0.908203125 0.2373046875 0.18359375 0.248046875