0 0.548828125 0.6826171875 0.1416015625 0.2421875
0 0.0517578125 0.2001953125 0.0576171875 0.078125
0 0.03125 0.1591796875 0.05859375 0.07421875
0 0.51171875 0.8740234375 0.162109375 0.251953125
0 0.634765625 0.4677734375 0.107421875 0.1611328125
0 0.74609375 0.611328125 0.134765625 0.21875
0 0.7978515625 0.8505859375 0.21484375 0.2978515625
2 0.1435546875 0.7470703125 0.017578125 0.0205078125
2 0.212890625 0.6640625 0.0166015625 0.0166015625
2 0.3759765625 0.75 0.0146484375 0.0263671875
2 0.517578125 0.958984375 0.064453125 0.033203125
2 0.5517578125 0.728515625 0.0361328125 0.0205078125
2 0.62890625 0.48828125 0.0361328125 0.0166015625
2 0.76171875 0.677734375 0.041015625 0.0185546875
2 0.8193359375 0.9150390625 0.05078125 0.033203125
3 0.2255859375 0.630859375 0.052734375 0.2236328125
3 0.8017578125 0.37890625 0.037109375 0.1201171875
4 0.107421875 0.681640625 0.11328125 0.2744140625
4 0.34375 0.6787109375 0.1142578125 0.283203125
4 0.5234375 0.2119140625 0.072265625 0.0986328125