0 0.552734375 0.6904296875 0.140625 0.2587890625
0 0.509765625 0.8779296875 0.1708984375 0.244140625
0 0.634765625 0.4736328125 0.1064453125 0.173828125
0 0.7421875 0.6123046875 0.1298828125 0.220703125
0 0.794921875 0.8515625 0.2119140625 0.2958984375
0 0.0517578125 0.1982421875 0.0595703125 0.0810546875
0 0.03125 0.158203125 0.05859375 0.076171875
2 0.13671875 0.8125 0.021484375 0.0263671875
2 0.2119140625 0.6650390625 0.017578125 0.0146484375
2 0.3759765625 0.751953125 0.0146484375 0.0185546875
2 0.5517578125 0.7265625 0.0419921875 0.0205078125
2 0.517578125 0.9599609375 0.052734375 0.03125
2 0.62890625 0.4892578125 0.0361328125 0.0224609375
2 0.7587890625 0.6787109375 0.033203125 0.0166015625
2 0.822265625 0.9169921875 0.0537109375 0.0263671875
3 0.224609375 0.630859375 0.05859375 0.2236328125
3 0.802734375 0.3779296875 0.037109375 0.111328125
4 0.0986328125 0.7392578125 0.1220703125 0.2998046875
4 0.3427734375 0.6748046875 0.107421875 0.2763671875
4 0.7763671875 0.1845703125 0.048828125 0.072265625