0 0.287109375 0.720703125 0.140625 0.2587890625
0 0.6533203125 0.87890625 0.19140625 0.2421875
0 0.646484375 0.6728515625 0.142578125 0.1943359375
0 0.333984375 0.3271484375 0.1474609375 0.10546875
0 0.1689453125 0.1865234375 0.0751953125 0.064453125
0 0.359375 0.169921875 0.05859375 0.0556640625
0 0.3291015625 0.1513671875 0.03515625 0.0537109375
0 0.408203125 0.1806640625 0.025390625 0.0537109375
0 0.490234375 0.21875 0.0712890625 0.0625
0 0.6123046875 0.2255859375 0.0810546875 0.0595703125
0 0.826171875 0.8447265625 0.15625 0.29296875
1 0.6826171875 0.958984375 0.05078125 0.0263671875
2 0.654296875 0.7294921875 0.0380859375 0.0224609375
2 0.4638671875 0.888671875 0.0283203125 0.037109375
2 0.279296875 0.75 0.041015625 0.0146484375
3 0.1640625 0.60546875 0.0615234375 0.1923828125
3 0.5498046875 0.6962890625 0.033203125 0.181640625
3 0.732421875 0.6337890625 0.052734375 0.18359375
3 0.5927734375 0.5712890625 0.0908203125 0.1533203125
3 0.5771484375 0.4462890625 0.0341796875 0.1337890625
3 0.53125 0.2177734375 0.0205078125 0.0537109375
3 0.67578125 0.2431640625 0.037109375 0.064453125
4 0.46875 0.1708984375 0.0224609375 0.0498046875
6 0.4658203125 0.7548828125 0.1416015625 0.390625
6 0.4404296875 0.1904296875 0.0419921875 0.0927734375