0 0.55078125 0.6875 0.138671875 0.251953125
0 0.5126953125 0.87890625 0.1669921875 0.2421875
0 0.63671875 0.47265625 0.1064453125 0.169921875
0 0.74609375 0.6142578125 0.12890625 0.2236328125
0 0.794921875 0.8515625 0.2119140625 0.2958984375
0 0.0439453125 0.2255859375 0.0849609375 0.0927734375
0 0.45703125 0.05078125 0.0166015625 0.02734375
2 0.212890625 0.666015625 0.0146484375 0.0166015625
2 0.376953125 0.75 0.0166015625 0.0185546875
2 0.517578125 0.9599609375 0.0556640625 0.03125
2 0.552734375 0.7294921875 0.0380859375 0.0146484375
2 0.8212890625 0.919921875 0.0517578125 0.03125
2 0.7587890625 0.6787109375 0.0380859375 0.0166015625
2 0.6298828125 0.482421875 0.03515625 0.0205078125
3 0.2255859375 0.6328125 0.056640625 0.220703125
3 0.6787109375 0.353515625 0.0556640625 0.1298828125
3 0.8037109375 0.375 0.0380859375 0.11328125
4 0.9404296875 0.1513671875 0.044921875 0.080078125
4 0.0673828125 0.8779296875 0.1337890625 0.244140625
4 0.341796875 0.685546875 0.115234375 0.248046875