0 0.3193359375 0.8486328125 0.13671875 0.205078125
0 0.4443359375 0.8095703125 0.1337890625 0.21875
0 0.5126953125 0.962890625 0.16015625 0.07421875
0 0.64453125 0.6611328125 0.123046875 0.1513671875
0 0.3037109375 0.4599609375 0.1474609375 0.0830078125
0 0.4443359375 0.44140625 0.134765625 0.0947265625
0 0.63671875 0.4599609375 0.125 0.0869140625
0 0.7548828125 0.3642578125 0.1005859375 0.076171875
0 0.5966796875 0.35546875 0.0654296875 0.0595703125
0 0.5146484375 0.3134765625 0.0380859375 0.0458984375
0 0.5087890625 0.271484375 0.0244140625 0.03125
0 0.462890625 0.267578125 0.02734375 0.0458984375
0 0.4970703125 0.2236328125 0.0166015625 0.02734375
0 0.4619140625 0.201171875 0.0146484375 0.02734375
0 0.4833984375 0.2080078125 0.013671875 0.0244140625
2 0.30859375 0.9013671875 0.0419921875 0.02734375
2 0.0712890625 0.9423828125 0.0166015625 0.0146484375
2 0.4345703125 0.8984375 0.037109375 0.0224609375
2 0.7578125 0.9501953125 0.013671875 0.0107421875
3 0.0771484375 0.892578125 0.0419921875 0.1962890625
3 0.369140625 0.638671875 0.0517578125 0.1484375
3 0.2626953125 0.65625 0.0517578125 0.150390625
3 0.26171875 0.4892578125 0.0791015625 0.0966796875
3 0.5986328125 0.5361328125 0.0361328125 0.109375
3 0.609375 0.5078125 0.03515625 0.0966796875
3 0.712890625 0.6015625 0.0283203125 0.111328125
3 0.4638671875 0.31640625 0.01171875 0.0517578125
3 0.4775390625 0.2998046875 0.009765625 0.044921875
4 0.2158203125 0.763671875 0.09375 0.1982421875
4 0.5810546875 0.724609375 0.080078125 0.212890625
4 0.6630859375 0.90625 0.1162109375 0.1875
6 0.16796875 0.8759765625 0.1513671875 0.248046875
6 0.7451171875 0.82421875 0.142578125 0.3330078125